1,17063.5123395
2,17063.5123395
3,17063.5123395
4,10576.8338932
5,8955.0975532
6,8955.0975532
7,8955.0975532
8,8955.0975532
9,8955.0975532
10,8955.0975532
11,8955.0975532
12,8955.0975532
13,8955.0975532
14,8955.0975532
15,8955.0975532
16,8955.0975532
17,8955.0975532
18,8955.0975532
19,8955.0975532
20,8955.0975532
21,8955.0975532
22,8955.0975532
23,8955.0975532
24,8955.0975532
25,8955.0975532
26,8955.0975532
27,8955.0975532
28,8955.0975532
29,8955.0975532
30,8955.0975532
31,8955.0975532
32,8955.0975532
33,8955.0975532
34,8955.0975532
35,8955.0975532
36,8955.0975532
37,8955.0975532
38,8955.0975532
39,7824.36038685
40,7824.36038685
41,7824.36038685
42,7824.36038685
43,7824.36038685
44,7824.36038685
45,7824.36038685
46,7824.36038685
47,7824.36038685
48,7824.36038685
49,7824.36038685
50,7824.36038685
51,7824.36038685
52,7824.36038685
53,7824.36038685
54,7824.36038685
55,7824.36038685
56,4992.20072759
57,4992.20072759
58,4992.20072759
59,4992.20072759
60,4992.20072759
61,4992.20072759
62,4992.20072759
63,4992.20072759
64,4992.20072759
65,4979.63854326
66,4979.63854326
67,4979.63854326
68,4979.63854326
69,4979.63854326
70,4979.63854326
71,4979.63854326
72,4979.63854326
73,4979.63854326
74,4979.63854326
75,4979.63854326
76,4979.63854326
77,4979.63854326
78,4979.63854326
79,4979.63854326
80,4909.39768318
81,4909.39768318
82,4909.39768318
83,4909.39768318
84,4909.39768318
85,4909.39768318
86,4909.39768318
87,4296.13276077
88,4296.13276077
89,4296.13276077
90,4296.13276077
91,3507.88455868
92,3507.88455868
93,3507.88455868
94,3507.88455868
95,3507.88455868
96,3507.88455868
97,3507.88455868
98,3434.38464489
99,3434.38464489
100,3434.38464489
101,3434.38464489
102,3434.38464489
103,3419.73267693
104,3419.73267693
105,3419.73267693
106,2899.72910249
107,2899.72910249
108,2899.72910249
109,2899.72910249
110,2899.72910249
111,2899.72910249
112,2899.72910249
113,2899.72910249
114,2899.72910249
115,2899.72910249
116,2899.72910249
117,2899.72910249
118,2899.72910249
119,2899.72910249
120,2899.72910249
121,2899.72910249
122,2887.62704841
123,2887.62704841
124,2887.62704841
125,2887.62704841
126,2887.62704841
127,2887.62704841
128,2887.62704841
129,2887.62704841
130,2887.62704841
131,2887.62704841
132,2887.62704841
133,2887.62704841
134,2887.62704841
135,2887.62704841
136,2887.62704841
137,2887.62704841
138,2887.62704841
139,2887.62704841
140,2887.62704841
141,2887.62704841
142,2887.62704841
143,2887.62704841
144,2887.62704841
145,2887.62704841
146,2887.62704841
147,2887.62704841
148,2887.62704841
149,2887.62704841
150,2887.62704841
151,2886.22029759
152,2886.22029759
153,2886.22029759
154,2886.22029759
155,2886.22029759
156,2886.22029759
157,2886.22029759
158,2886.22029759
159,2886.22029759
160,2886.22029759
161,2886.22029759
162,2886.22029759
163,2886.22029759
164,2886.22029759
165,2886.22029759
166,2886.22029759
167,2886.22029759
168,2886.22029759
169,2886.22029759
170,2886.22029759
171,2886.22029759
172,2886.22029759
173,2880.73003915
174,2880.73003915
175,2880.73003915
176,2880.73003915
177,2880.73003915
178,2880.73003915
179,2880.73003915
180,2880.73003915
181,2880.73003915
182,2880.73003915
183,2880.73003915
184,2880.73003915
185,2880.73003915
186,2805.25062188
187,2805.25062188
188,2805.25062188
189,2805.25062188
190,2805.25062188
191,2805.25062188
192,2805.25062188
193,2805.25062188
194,2805.25062188
195,2805.25062188
196,2805.25062188
197,2805.25062188
198,2805.25062188
199,2805.25062188
200,2805.25062188
201,2805.25062188
202,2805.25062188
203,2805.25062188
204,2805.25062188
205,2805.25062188
206,2805.25062188
207,2805.25062188
208,2805.25062188
209,2805.25062188
210,2802.91536769
211,2802.91536769
212,2802.91536769
213,2802.91536769
214,2802.91536769
215,2802.91536769
216,2802.91536769
217,2802.91536769
218,2786.12499838
219,2786.12499838
220,2786.12499838
221,2786.12499838
222,2786.12499838
223,2786.12499838
224,2786.12499838
225,2786.12499838
226,2786.12499838
227,2786.12499838
228,2786.12499838
229,2786.12499838
230,2786.12499838
231,2786.12499838
232,2786.12499838
233,2786.12499838
234,2786.12499838
235,2786.12499838
236,2786.12499838
237,2786.12499838
238,2786.12499838
239,2786.12499838
240,2786.12499838
241,2786.12499838
242,2786.12499838
243,2786.12499838
244,2786.12499838
245,2786.12499838
246,2786.12499838
247,2786.12499838
248,2786.12499838
249,2786.12499838
250,2786.12499838
251,2786.12499838
252,2786.12499838
253,2786.12499838
254,2786.12499838
255,2786.12499838
256,2786.12499838
257,2786.12499838
258,2786.12499838
259,2786.12499838
260,2786.12499838
261,2786.12499838
262,2786.12499838
263,2786.12499838
264,2786.12499838
265,2786.12499838
266,2786.12499838
267,2786.12499838
268,2786.12499838
269,2786.12499838
270,2786.12499838
271,2786.12499838
272,2786.12499838
273,2786.12499838
274,2786.12499838
275,2786.12499838
276,2705.04617436
277,2705.04617436
278,2705.04617436
279,2705.04617436
280,2705.04617436
281,2705.04617436
282,2705.04617436
283,2705.04617436
284,2705.04617436
285,2705.04617436
286,2705.04617436
287,2705.04617436
288,2531.46728858
289,2531.46728858
290,2531.46728858
291,2531.46728858
292,2531.46728858
293,2531.46728858
294,2531.46728858
295,2314.49250613
296,2314.49250613
297,2314.49250613
298,2314.49250613
299,2314.49250613
300,2314.49250613
301,2314.49250613
302,2314.49250613
303,2314.49250613
304,2314.49250613
305,2314.49250613
306,2314.49250613
307,2314.49250613
308,2314.49250613
309,2310.78274647
310,2310.78274647
311,2310.78274647
312,2310.78274647
313,2310.78274647
314,2310.78274647
315,2310.78274647
316,2310.78274647
317,2310.78274647
318,2310.78274647
319,2193.06816842
320,2193.06816842
321,2145.77335768
322,2145.77335768
323,2145.77335768
324,2145.77335768
325,2145.77335768
326,2145.77335768
327,2145.77335768
328,2145.25270034
329,2145.25270034
330,2145.25270034
331,2145.25270034
332,2145.25270034
333,2103.02760059
334,2103.02760059
335,2103.02760059
336,2103.02760059
337,2080.10999261
338,2080.10999261
339,2080.10999261
340,2080.10999261
341,2080.10999261
342,2080.10999261
343,2080.10999261
344,2080.10999261
345,2080.10999261
346,2080.10999261
347,2080.10999261
348,2080.10999261
349,2080.10999261
350,2080.10999261
351,2080.10999261
352,2080.10999261
353,2080.10999261
354,2061.14564445
355,2061.14564445
356,2061.14564445
357,2061.14564445
358,2061.14564445
359,2061.14564445
360,2061.14564445
361,2061.14564445
362,2061.14564445
363,2061.14564445
364,2061.14564445
365,2061.14564445
366,2061.14564445
367,2061.14564445
368,2061.14564445
369,2061.14564445
370,2061.14564445
371,2061.14564445
372,2061.14564445
373,2061.14564445
374,2061.14564445
375,2061.14564445
376,2061.14564445
377,2061.14564445
378,2061.14564445
379,2061.14564445
380,2061.14564445
381,2061.14564445
382,2061.14564445
383,2061.14564445
384,2061.14564445
385,2061.14564445
386,2040.29485654
387,2040.29485654
388,2040.29485654
389,2040.29485654
390,2040.29485654
391,2040.29485654
392,2040.29485654
393,2040.29485654
394,2040.29485654
395,1830.66983895
396,1830.66983895
397,1830.66983895
398,1830.66983895
399,1830.66983895
400,1830.66983895
401,1830.66983895
402,1830.66983895
403,1830.66983895
404,1830.66983895
405,1830.66983895
406,1830.66983895
407,1830.66983895
408,1830.66983895
409,1830.66983895
410,1830.66983895
411,1830.66983895
412,1830.66983895
413,1830.66983895
414,1830.66983895
415,1830.66983895
416,1830.66983895
417,1830.66983895
418,1830.66983895
419,1830.66983895
420,1830.66983895
421,1830.66983895
422,1830.66983895
423,1830.66983895
424,1830.66983895
425,1830.66983895
426,1830.66983895
427,1830.66983895
428,1830.66983895
429,1830.66983895
430,1830.66983895
431,1830.66983895
432,1830.66983895
433,1830.66983895
434,1830.66983895
435,1830.66983895
436,1830.66983895
437,1830.66983895
438,1830.66983895
439,1830.66983895
440,1830.66983895
441,1830.66983895
442,1830.66983895
443,1830.66983895
444,1830.66983895
445,1830.66983895
446,1830.66983895
447,1830.66983895
448,1830.66983895
449,1830.66983895
450,1830.66983895
451,1830.66983895
452,1830.66983895
453,1830.66983895
454,1830.66983895
455,1830.66983895
456,1830.66983895
457,1830.66983895
458,1830.66983895
459,1830.66983895
460,1830.66983895
461,1830.66983895
462,1830.66983895
463,1830.66983895
464,1816.36536567
465,1731.62624814
466,1731.62624814
467,1731.62624814
468,1731.62624814
469,1731.62624814
470,1731.62624814
471,1731.62624814
472,1731.62624814
473,1731.62624814
474,1731.62624814
475,1731.62624814
476,1731.62624814
477,1731.62624814
478,1731.62624814
479,1731.62624814
480,1731.62624814
481,1731.62624814
482,1731.62624814
483,1592.53594088
484,1592.53594088
485,1592.53594088
486,1592.53594088
487,1592.53594088
488,1592.53594088
489,1592.53594088
490,1592.53594088
491,1592.53594088
492,1592.53594088
493,1592.53594088
494,1564.37354526
495,1564.37354526
496,1564.37354526
497,1564.37354526
498,1564.37354526
499,1564.37354526
500,1564.37354526
501,1564.37354526
502,1564.37354526
503,1564.37354526
504,1564.37354526
505,1564.37354526
506,1561.56978642
507,1561.56978642
508,1561.56978642
509,1561.56978642
510,1561.56978642
511,1561.56978642
512,1561.56978642
513,1561.56978642
514,1561.56978642
515,1561.56978642
516,1561.56978642
517,1561.56978642
518,1561.56978642
519,1561.56978642
520,1561.56978642
521,1561.56978642
522,1561.56978642
523,1561.56978642
524,1561.56978642
525,1561.56978642
526,1542.99440263
527,1542.99440263
528,1542.99440263
529,1542.99440263
530,1542.99440263
531,1542.99440263
532,1542.99440263
533,1542.99440263
534,1542.99440263
535,1542.99440263
536,1542.99440263
537,1542.99440263
538,1542.99440263
539,1542.99440263
540,1542.99440263
541,1542.99440263
542,1542.99440263
543,1542.99440263
544,1542.99440263
545,1542.99440263
546,1542.99440263
547,1542.99440263
548,1542.99440263
549,1542.99440263
550,1542.99440263
551,1542.99440263
552,1542.99440263
553,1542.99440263
554,1542.99440263
555,1542.99440263
556,1542.99440263
557,1542.99440263
558,1542.99440263
559,1542.99440263
560,1542.99440263
561,1542.99440263
562,1542.99440263
563,1542.99440263
564,1542.99440263
565,1542.99440263
566,1542.99440263
567,1542.99440263
568,1542.99440263
569,1542.99440263
570,1542.99440263
571,1542.99440263
572,1542.99440263
573,1542.99440263
574,1542.99440263
575,1542.99440263
576,1542.99440263
577,1542.99440263
578,1542.99440263
579,1542.99440263
580,1542.99440263
581,1542.99440263
582,1542.99440263
583,1542.99440263
584,1542.99440263
585,1542.99440263
586,1542.99440263
587,1542.99440263
588,1542.99440263
589,1542.99440263
590,1542.99440263
591,1542.99440263
592,1542.99440263
593,1542.99440263
594,1542.99440263
595,1542.99440263
596,1542.99440263
597,1542.99440263
598,1542.99440263
599,1542.99440263
600,1542.99440263
601,1542.99440263
602,1542.99440263
603,1542.99440263
604,1542.99440263
605,1542.99440263
606,1542.99440263
607,1542.99440263
608,1542.99440263
609,1542.99440263
610,1542.99440263
611,1542.99440263
612,1542.99440263
613,1542.99440263
614,1542.8270728
615,1542.8270728
616,1542.8270728
617,1542.8270728
618,1542.8270728
619,1542.8270728
620,1542.8270728
621,1542.8270728
622,1542.8270728
623,1542.8270728
624,1542.8270728
625,1542.8270728
626,1542.8270728
627,1542.8270728
628,1542.8270728
629,1542.8270728
630,1542.8270728
631,1542.8270728
632,1542.8270728
633,1542.8270728
634,1542.8270728
635,1542.8270728
636,1528.08279083
637,1528.08279083
638,1528.08279083
639,1528.08279083
640,1528.08279083
641,1528.08279083
642,1528.08279083
643,1528.08279083
644,1528.08279083
645,1528.08279083
646,1528.08279083
647,1528.08279083
648,1510.03260229
649,1510.03260229
650,1510.03260229
651,1510.03260229
652,1510.03260229
653,1510.03260229
654,1510.03260229
655,1510.03260229
656,1510.03260229
657,1510.03260229
658,1510.03260229
659,1510.03260229
660,1510.03260229
661,1510.03260229
662,1510.03260229
663,1510.03260229
664,1510.03260229
665,1510.03260229
666,1510.03260229
667,1510.03260229
668,1506.2614495
669,1506.2614495
670,1506.2614495
671,1506.2614495
672,1506.2614495
673,1506.2614495
674,1506.2614495
675,1506.2614495
676,1506.2614495
677,1506.2614495
678,1506.2614495
679,1506.2614495
680,1506.2614495
681,1506.2614495
682,1506.2614495
683,1506.2614495
684,1506.2614495
685,1506.2614495
686,1506.2614495
687,1506.2614495
688,1506.2614495
689,1506.2614495
690,1506.2614495
691,1506.2614495
692,1506.2614495
693,1506.2614495
694,1506.2614495
695,1506.2614495
696,1506.2614495
697,1473.37283516
698,1473.37283516
699,1473.37283516
700,1473.37283516
701,1473.37283516
702,1473.37283516
703,1473.37283516
704,1473.37283516
705,1473.37283516
706,1473.37283516
707,1473.37283516
708,1473.37283516
709,1473.37283516
710,1473.37283516
711,1473.37283516
712,1469.05566853
713,1469.05566853
714,1467.46080449
715,1467.46080449
716,1467.46080449
717,1467.46080449
718,1467.46080449
719,1467.46080449
720,1467.46080449
721,1467.46080449
722,1466.24180832
723,1466.24180832
724,1466.24180832
725,1466.24180832
726,1416.59815801
727,1416.59815801
728,1416.59815801
729,1416.59815801
730,1416.59815801
731,1416.59815801
732,1416.59815801
733,1416.59815801
734,1416.59815801
735,1416.59815801
736,1416.59815801
737,1416.59815801
738,1416.59815801
739,1416.59815801
740,1416.59815801
741,1416.59815801
742,1416.59815801
743,1416.59815801
744,1416.59815801
745,1406.9127198
746,1406.9127198
747,1406.9127198
748,1406.9127198
749,1406.9127198
750,1406.9127198
751,1406.9127198
752,1406.9127198
753,1406.9127198
754,1406.9127198
755,1406.9127198
756,1406.9127198
757,1406.9127198
758,1406.9127198
759,1406.9127198
760,1406.9127198
761,1406.9127198
762,1400.82904386
763,1400.82904386
764,1400.82904386
765,1400.82904386
766,1400.82904386
767,1400.82904386
768,1400.82904386
769,1400.82904386
770,1400.82904386
771,1386.33249195
772,1386.33249195
773,1386.33249195
774,1386.33249195
775,1386.33249195
776,1386.33249195
777,1386.33249195
778,1386.33249195
779,1386.33249195
780,1386.33249195
781,1386.33249195
782,1386.33249195
783,1386.33249195
784,1386.33249195
785,1386.33249195
786,1386.33249195
787,1386.33249195
788,1386.33249195
789,1386.33249195
790,1386.33249195
791,1386.33249195
792,1386.33249195
793,1386.33249195
794,1386.33249195
795,1386.33249195
796,1381.95809332
797,1381.95809332
798,1381.95809332
799,1381.95809332
800,1381.95809332
801,1381.95809332
802,1381.95809332
803,1381.95809332
804,1381.95809332
805,1381.95809332
806,1381.95809332
807,1381.95809332
808,1381.95809332
809,1381.95809332
810,1381.95809332
811,1381.95809332
812,1381.95809332
813,1381.95809332
814,1381.95809332
815,1381.95809332
816,1381.95809332
817,1381.95809332
818,1381.95809332
819,1381.95809332
820,1381.95809332
821,1381.95809332
822,1381.95809332
823,1381.95809332
824,1381.95809332
825,1381.95809332
826,1381.95809332
827,1381.95809332
828,1381.95809332
829,1381.95809332
830,1381.95809332
831,1381.95809332
832,1381.95809332
833,1381.95809332
834,1381.95809332
835,1376.38805606
836,1376.38805606
837,1376.38805606
838,1376.38805606
839,1376.38805606
840,1376.38805606
841,1376.38805606
842,1376.38805606
843,1376.38805606
844,1376.38805606
845,1376.38805606
846,1376.38805606
847,1376.38805606
848,1376.38805606
849,1376.38805606
850,1376.38805606
851,1376.38805606
852,1376.38805606
853,1376.38805606
854,1376.38805606
855,1376.38805606
856,1376.38805606
857,1376.38805606
858,1376.38805606
859,1376.38805606
860,1376.38805606
861,1376.38805606
862,1376.38805606
863,1376.38805606
864,1376.38805606
865,1376.38805606
866,1376.38805606
867,1376.38805606
868,1376.38805606
869,1376.38805606
870,1376.38805606
871,1376.38805606
872,1376.38805606
873,1376.38805606
874,1376.38805606
875,1376.38805606
876,1376.38805606
877,1376.38805606
878,1376.38805606
879,1376.38805606
880,1376.38805606
881,1376.38805606
882,1376.38805606
883,1376.38805606
884,1376.38805606
885,1376.38805606
886,1376.38805606
887,1376.38805606
888,1376.38805606
889,1376.38805606
890,1376.38805606
891,1376.38805606
892,1376.38805606
893,1376.38805606
894,1376.38805606
895,1376.38805606
896,1376.38805606
897,1376.38805606
898,1376.38805606
899,1376.28791066
900,1376.28791066
901,1376.28791066
902,1376.28791066
903,1376.28791066
904,1376.28791066
905,1376.28791066
906,1376.28791066
907,1376.28791066
908,1376.28791066
909,1376.28791066
910,1376.28791066
911,1376.28791066
912,1376.28791066
913,1376.28791066
914,1376.28791066
915,1376.28791066
916,1376.28791066
917,1376.28791066
918,1376.28791066
919,1376.28791066
920,1376.28791066
921,1376.28791066
922,1376.28791066
923,1376.28791066
924,1376.28791066
925,1376.28791066
926,1376.28791066
927,1376.28791066
928,1376.28791066
929,1376.28791066
930,1376.28791066
931,1376.28791066
932,1376.28791066
933,1376.28791066
934,1376.28791066
935,1376.28791066
936,1374.78968689
937,1374.78968689
938,1374.78968689
939,1374.78968689
940,1374.78968689
941,1374.78968689
942,1374.78968689
943,1374.78968689
944,1374.78968689
945,1374.78968689
946,1374.78968689
947,1374.78968689
948,1374.78968689
949,1373.72027192
950,1373.72027192
951,1373.72027192
952,1373.72027192
953,1373.72027192
954,1298.7711382
955,1298.7711382
956,1298.7711382
957,1298.7711382
958,1298.7711382
959,1298.7711382
960,1298.7711382
961,1298.7711382
962,1298.7711382
963,1298.7711382
964,1298.7711382
965,1298.7711382
966,1298.7711382
967,1298.7711382
968,1298.7711382
969,1298.7711382
970,1298.7711382
971,1298.7711382
972,1298.7711382
973,1298.7711382
974,1298.7711382
975,1298.7711382
976,1298.7711382
977,1298.7711382
978,1298.7711382
979,1298.7711382
980,1298.7711382
981,1298.7711382
982,1298.7711382
983,1298.7711382
984,1298.7711382
985,1298.7711382
986,1298.7711382
987,1298.7711382
988,1298.7711382
989,1298.7711382
990,1298.7711382
991,1298.7711382
992,1298.7711382
993,1298.7711382
994,1298.7711382
995,1298.7711382
996,1298.7711382
997,1298.7711382
998,1261.34051494
999,1261.34051494
1000,1261.34051494
1001,1261.34051494
1002,1261.34051494
1003,1261.34051494
1004,1261.34051494
1005,1261.34051494
1006,1261.34051494
1007,1261.34051494
1008,1261.34051494
1009,1261.34051494
1010,1261.34051494
1011,1261.34051494
1012,1210.40176649
1013,1210.40176649
1014,1210.40176649
1015,1210.40176649
1016,1210.40176649
1017,1210.40176649
1018,1210.40176649
1019,1210.40176649
1020,1210.40176649
1021,1210.40176649
1022,1210.40176649
1023,1210.40176649
1024,1210.40176649
1025,1210.40176649
1026,1210.40176649
1027,1210.40176649
1028,1210.40176649
1029,1210.40176649
1030,1210.40176649
1031,1210.40176649
1032,1210.40176649
1033,1210.40176649
1034,1210.40176649
1035,1210.40176649
1036,1210.40176649
1037,1210.40176649
1038,1210.40176649
1039,1210.40176649
1040,1210.40176649
1041,1210.40176649
1042,1210.40176649
1043,1210.40176649
1044,1210.40176649
1045,1210.40176649
1046,1210.40176649
1047,1210.40176649
1048,1210.40176649
1049,1210.40176649
1050,1210.40176649
1051,1210.40176649
1052,1210.40176649
1053,1210.40176649
1054,1210.40176649
1055,1210.40176649
1056,1210.40176649
1057,1210.40176649
1058,1210.40176649
1059,1209.01634071
1060,1209.01634071
1061,1209.01634071
1062,1209.01634071
1063,1209.01634071
1064,1209.01634071
1065,1209.01634071
1066,1209.01634071
1067,1209.01634071
1068,1209.01634071
1069,1209.01634071
1070,1209.01634071
1071,1209.01634071
1072,1209.01634071
1073,1209.01634071
1074,1209.01634071
1075,1209.01634071
1076,1209.01634071
1077,1209.01634071
1078,1209.01634071
1079,1207.21647238
1080,1207.21647238
1081,1207.21647238
1082,1207.21647238
1083,1207.21647238
1084,1207.21647238
1085,1207.21647238
1086,1207.21647238
1087,1207.21647238
1088,1207.21647238
1089,1207.21647238
1090,1207.21647238
1091,1207.21647238
1092,1207.21647238
1093,1207.21647238
1094,1207.21647238
1095,1207.21647238
1096,1207.21647238
1097,1207.21647238
1098,1207.21647238
1099,1207.21647238
1100,1207.21647238
1101,1202.66475819
1102,1202.66475819
1103,1202.66475819
1104,1202.66475819
1105,1202.66475819
1106,1202.66475819
1107,1202.66475819
1108,1202.66475819
1109,1202.66475819
1110,1202.66475819
1111,1202.66475819
1112,1202.66475819
1113,1202.66475819
1114,1202.66475819
1115,1202.66475819
1116,1202.66475819
1117,1202.66475819
1118,1202.66475819
1119,1202.66475819
1120,1202.66475819
1121,1202.66475819
1122,1202.66475819
1123,1202.66475819
1124,1202.66475819
1125,1202.62900027
1126,1202.62900027
1127,1202.62900027
1128,1202.62900027
1129,1202.62900027
1130,1202.62900027
1131,1202.62900027
1132,1202.62900027
1133,1202.62900027
1134,1189.37873776
1135,1189.37873776
1136,1189.37873776
1137,1189.37873776
1138,1189.37873776
1139,1189.37873776
1140,1189.37873776
1141,1189.37873776
1142,1189.37873776
1143,1189.37873776
1144,1189.37873776
1145,1189.37873776
1146,1189.37873776
1147,1189.37873776
1148,1189.37873776
1149,1189.37873776
1150,1189.37873776
1151,1189.37873776
1152,1189.37873776
1153,1189.37873776
1154,1189.37873776
1155,1189.37873776
1156,1189.37873776
1157,1189.37873776
1158,1189.37873776
1159,1189.37873776
1160,1189.37873776
1161,1189.37873776
1162,1187.2830485
1163,1187.2830485
1164,1187.2830485
1165,1187.2830485
1166,1187.2830485
1167,1187.2830485
1168,1187.2830485
1169,1187.2830485
1170,1187.2830485
1171,1187.2830485
1172,1187.2830485
1173,1187.2830485
1174,1187.2830485
1175,1187.2830485
1176,1187.2830485
1177,1187.2830485
1178,1187.2830485
1179,1187.2830485
1180,1187.2830485
1181,1187.2830485
1182,1187.2830485
1183,1187.2830485
1184,1187.2830485
1185,1187.2830485
1186,1187.2830485
1187,1187.2830485
1188,1187.2830485
1189,1187.2830485
1190,1187.2830485
1191,1187.2830485
1192,1187.2830485
1193,1187.2830485
1194,1187.2830485
1195,1187.2830485
1196,1187.2830485
1197,1187.2830485
1198,1187.2830485
1199,1187.2830485
1200,1187.2830485
1201,1187.2830485
1202,1187.2830485
1203,1187.2830485
1204,1187.2830485
1205,1187.2830485
1206,1187.2830485
1207,1187.2830485
1208,1187.2830485
1209,1187.2830485
1210,1187.2830485
1211,1187.2830485
1212,1187.2830485
1213,1187.2830485
1214,1187.2830485
1215,1187.2830485
1216,1187.2830485
1217,1187.2830485
1218,1187.2830485
1219,1187.2830485
1220,1187.2830485
1221,1187.2830485
1222,1187.2830485
1223,1187.2830485
1224,1187.2830485
1225,1187.2830485
1226,1187.2830485
1227,1187.2830485
1228,1187.2830485
1229,1187.2830485
1230,1187.2830485
1231,1187.12260009
1232,1187.12260009
1233,1187.12260009
1234,1187.12260009
1235,1187.12260009
1236,1187.12260009
1237,1187.12260009
1238,1187.12260009
1239,1187.12260009
1240,1187.12260009
1241,1187.12260009
1242,1187.12260009
1243,1187.12260009
1244,1187.12260009
1245,1187.12260009
1246,1187.12260009
1247,1187.12260009
1248,1187.12260009
1249,1187.12260009
1250,1187.12260009
1251,1187.12260009
1252,1187.12260009
1253,1187.12260009
1254,1187.12260009
1255,1187.12260009
1256,1187.12260009
1257,1187.12260009
1258,1187.12260009
1259,1187.12260009
1260,1187.12260009
1261,1187.12260009
1262,1187.12260009
1263,1187.12260009
1264,1187.12260009
1265,1187.12260009
1266,1187.12260009
1267,1187.12260009
1268,1187.12260009
1269,1185.56382665
1270,1185.56382665
1271,1185.56382665
1272,1185.56382665
1273,1185.56382665
1274,1185.56382665
1275,1185.56382665
1276,1185.56382665
1277,1185.56382665
1278,1185.56382665
1279,1185.56382665
1280,1185.56382665
1281,1185.56382665
1282,1185.56382665
1283,1185.56382665
1284,1185.56382665
1285,1185.56382665
1286,1185.56382665
1287,1185.56382665
1288,1185.56382665
1289,1183.72598869
1290,1183.72598869
1291,1183.72598869
1292,1183.72598869
1293,1183.72598869
1294,1183.72598869
1295,1183.72598869
1296,1183.72598869
1297,1183.72598869
1298,1183.72598869
1299,1183.72598869
1300,1183.72598869
1301,1183.72598869
1302,1183.72598869
1303,1183.72598869
1304,1183.72598869
1305,1183.72598869
1306,1183.72598869
1307,1183.72598869
1308,1183.72598869
1309,1183.72598869
1310,1183.72598869
1311,1183.72598869
1312,1183.72598869
1313,1183.72598869
1314,1183.72598869
1315,1183.72598869
1316,1183.72598869
1317,1183.72598869
1318,1183.72598869
1319,1183.72598869
1320,1183.72598869
1321,1183.72598869
1322,1183.72598869
1323,1183.72598869
1324,1183.72598869
1325,1183.72598869
1326,1183.72598869
1327,1183.72598869
1328,1183.72598869
1329,1183.72598869
1330,1183.72598869
1331,1183.72598869
1332,1183.72598869
1333,1183.72598869
1334,1183.72598869
1335,1183.41211986
1336,1183.41211986
1337,1183.41211986
1338,1183.41211986
1339,1183.41211986
1340,1183.41211986
1341,1183.41211986
1342,1183.41211986
1343,1183.41211986
1344,1183.41211986
1345,1183.41211986
1346,1183.41211986
1347,1183.41211986
1348,1183.41211986
1349,1183.41211986
1350,1183.41211986
1351,1183.41211986
1352,1183.41211986
1353,1183.41211986
1354,1183.41211986
1355,1183.41211986
1356,1183.41211986
1357,1183.41211986
1358,1183.41211986
1359,1183.41211986
1360,1183.41211986
1361,1183.41211986
1362,1183.41211986
1363,1183.41211986
1364,1183.41211986
1365,1183.41211986
1366,1183.41211986
1367,1183.41211986
1368,1175.152536
1369,1175.152536
1370,1175.152536
1371,1175.152536
1372,1175.152536
1373,1175.152536
1374,1175.152536
1375,1175.152536
1376,1175.152536
1377,1175.152536
1378,1175.152536
1379,1175.152536
1380,1175.152536
1381,1175.152536
1382,1175.152536
1383,1175.152536
1384,1175.152536
1385,1175.152536
1386,1175.152536
1387,1175.152536
1388,1175.152536
1389,1175.152536
1390,1175.152536
1391,1175.152536
1392,1175.152536
1393,1175.152536
1394,1175.152536
1395,1175.152536
1396,1175.152536
1397,1175.152536
1398,1175.152536
1399,1175.152536
1400,1175.152536
1401,1175.152536
1402,1175.152536
1403,1175.152536
1404,1175.152536
1405,1175.152536
1406,1175.152536
1407,1175.152536
1408,1175.152536
1409,1175.152536
1410,1175.152536
1411,1175.152536
1412,1175.152536
1413,1175.152536
1414,1175.152536
1415,1175.152536
1416,1175.152536
1417,1175.152536
1418,1175.152536
1419,1175.152536
1420,1175.152536
1421,1175.152536
1422,1175.152536
1423,1175.152536
1424,1175.152536
1425,1175.152536
1426,1175.152536
1427,1175.152536
1428,1175.152536
1429,1175.152536
1430,1175.152536
1431,1175.152536
1432,1175.152536
1433,1175.152536
1434,1175.152536
1435,1175.152536
1436,1175.152536
1437,1175.152536
1438,1175.152536
1439,1175.152536
1440,1175.152536
1441,1175.152536
1442,1175.152536
1443,1175.152536
1444,1175.152536
1445,1175.152536
1446,1175.152536
1447,1175.152536
1448,1175.152536
1449,1175.152536
1450,1175.152536
1451,1175.152536
1452,1175.152536
1453,1175.152536
1454,1175.152536
1455,1175.152536
1456,1175.152536
1457,1175.152536
1458,1175.152536
1459,1175.152536
1460,1175.152536
1461,1175.152536
1462,1175.152536
1463,1175.152536
1464,1175.152536
1465,1175.152536
1466,1175.152536
1467,1175.152536
1468,1175.152536
1469,1175.152536
1470,1175.152536
1471,1175.152536
1472,1175.152536
1473,1175.152536
1474,1175.152536
1475,1175.152536
1476,1175.152536
1477,1175.152536
1478,1175.152536
1479,1175.152536
1480,1175.152536
1481,1175.152536
1482,1175.152536
1483,1175.152536
1484,1175.152536
1485,1175.152536
1486,1175.152536
1487,1175.152536
1488,1175.152536
1489,1175.152536
1490,1175.152536
1491,1175.152536
1492,1175.152536
1493,1175.152536
1494,1175.152536
1495,1175.152536
1496,1175.152536
1497,1175.152536
1498,1175.152536
1499,1175.152536
1500,1175.152536
1501,1175.152536
1502,1175.152536
1503,1175.152536
1504,1175.152536
1505,1175.152536
1506,1175.152536
1507,1175.152536
1508,1167.14063509
1509,1167.14063509
1510,1167.14063509
1511,1167.14063509
1512,1167.14063509
1513,1167.14063509
1514,1167.14063509
1515,1167.14063509
1516,1167.14063509
1517,1167.14063509
1518,1167.14063509
1519,1167.14063509
1520,1156.26762515
1521,1156.26762515
1522,1156.26762515
1523,1156.26762515
1524,1156.26762515
1525,1156.26762515
1526,1156.26762515
1527,1156.26762515
1528,1156.26762515
1529,1156.26762515
1530,1156.26762515
1531,1156.26762515
1532,1156.26762515
1533,1156.26762515
1534,1156.26762515
1535,1156.26762515
1536,1156.26762515
1537,1156.26762515
1538,1156.26762515
1539,1156.26762515
1540,1156.26762515
1541,1156.26762515
1542,1156.26762515
1543,1156.21568325
1544,1156.21568325
1545,1156.21568325
1546,1156.21568325
1547,1156.21568325
1548,1156.21568325
1549,1156.21568325
1550,1156.21568325
1551,1156.21568325
1552,1156.21568325
1553,1156.21568325
1554,1156.21568325
1555,1156.21568325
1556,1156.21568325
1557,1156.21568325
1558,1156.21568325
1559,1156.21568325
1560,1156.21568325
1561,1156.21568325
1562,1156.21568325
1563,1156.21568325
1564,1156.21568325
1565,1156.21568325
1566,1156.21568325
1567,1156.21568325
1568,1156.21568325
1569,1156.21568325
1570,1156.21568325
1571,1156.21568325
1572,1156.21568325
1573,1156.21568325
1574,1156.21568325
1575,1156.21568325
1576,1156.21568325
1577,1156.21568325
1578,1156.21568325
1579,1156.21568325
1580,1156.21568325
1581,1156.20995992
1582,1156.20995992
1583,1156.20995992
1584,1156.20995992
1585,1156.20995992
1586,1156.20995992
1587,1156.20995992
1588,1156.20995992
1589,1156.20995992
1590,1156.20995992
1591,1156.20995992
1592,1147.28361486
1593,1147.28361486
1594,1147.28361486
1595,1147.28361486
1596,1147.28361486
1597,1147.28361486
1598,1147.28361486
1599,1147.28361486
1600,1147.28361486
1601,1147.28361486
1602,1147.28361486
1603,1147.28361486
1604,1147.28361486
1605,1147.28361486
1606,1147.28361486
1607,1147.28361486
1608,1147.28361486
1609,1147.28361486
1610,1147.28361486
1611,1147.28361486
1612,1147.28361486
1613,1147.28361486
1614,1147.28361486
1615,1147.28361486
1616,1147.28361486
1617,1147.28361486
1618,1147.28361486
1619,1147.28361486
1620,1147.28361486
1621,1147.28361486
1622,1147.28361486
1623,1147.28361486
1624,1147.28361486
1625,1147.28361486
1626,1147.28361486
1627,1147.28361486
1628,1147.28361486
1629,1147.28361486
1630,1147.28361486
1631,1147.28361486
1632,1147.28361486
1633,1147.28361486
1634,1147.28361486
1635,1147.28361486
1636,1147.28361486
1637,1147.28361486
1638,1147.28361486
1639,1147.28361486
1640,1147.28361486
1641,1147.28361486
1642,1147.28361486
1643,1147.28361486
1644,1147.28361486
1645,1147.28361486
1646,1147.28361486
1647,1147.28361486
1648,1147.28361486
1649,1147.28361486
1650,1147.28361486
1651,1147.28361486
1652,1147.28361486
1653,1147.28361486
1654,1147.28361486
1655,1147.28361486
1656,1147.28361486
1657,1147.28361486
1658,1147.28361486
1659,1147.28361486
1660,1147.28361486
1661,1147.28361486
1662,1147.28361486
1663,1147.28361486
1664,1147.28361486
1665,1147.28361486
1666,1147.28361486
1667,1147.28361486
1668,1147.28361486
1669,1147.28361486
1670,1147.28361486
1671,1147.28361486
1672,1147.28361486
1673,1147.28361486
1674,1147.28361486
1675,1147.28361486
1676,1147.28361486
1677,1147.28361486
1678,1147.28361486
1679,1147.28361486
1680,1147.28361486
1681,1147.28361486
1682,1147.28361486
1683,1147.28361486
1684,1147.28361486
1685,1147.28361486
1686,1147.2422311
1687,1147.2422311
1688,1147.2422311
1689,1147.2422311
1690,1147.2422311
1691,1147.2422311
1692,1147.2422311
1693,1147.2422311
1694,1147.2422311
1695,1147.2422311
1696,1147.2422311
1697,1147.2422311
1698,1147.2422311
1699,1147.2422311
1700,1147.2422311
1701,1147.2422311
1702,1147.2422311
1703,1147.2422311
1704,1147.2422311
1705,1147.2422311
1706,1147.2422311
1707,1147.2422311
1708,1147.2422311
1709,1147.2422311
1710,1147.2422311
1711,1147.2422311
1712,1147.2422311
1713,1147.2422311
1714,1147.2422311
1715,1147.2422311
1716,1147.2422311
1717,1147.2422311
1718,1147.2422311
1719,1147.2422311
1720,1147.2422311
1721,1147.2422311
1722,1147.2422311
1723,1147.2422311
1724,1147.2422311
1725,1147.2422311
1726,1147.2422311
1727,1147.2422311
1728,1147.2422311
1729,1147.2422311
1730,1147.2422311
1731,1147.2422311
1732,1147.2422311
1733,1147.2422311
1734,1147.2422311
1735,1147.2422311
1736,1147.2422311
1737,1147.24167087
1738,1147.24167087
1739,1147.24167087
1740,1147.24167087
1741,1147.24167087
1742,1147.24167087
1743,1147.24167087
1744,1147.24167087
1745,1147.24167087
1746,1147.24167087
1747,1147.24167087
1748,1147.24167087
1749,1147.24167087
1750,1147.24167087
1751,1147.24167087
1752,1147.24167087
1753,1147.24167087
1754,1147.24167087
1755,1147.24167087
1756,1147.24167087
1757,1146.12824054
1758,1146.12824054
1759,1146.12824054
1760,1146.12824054
1761,1146.12824054
1762,1146.12824054
1763,1146.12824054
1764,1146.12824054
1765,1146.12824054
1766,1146.12824054
1767,1146.12824054
1768,1146.12824054
1769,1146.0681714
1770,1146.0681714
1771,1146.0681714
1772,1146.0681714
1773,1146.0681714
1774,1146.0681714
1775,1146.04876821
1776,1146.04876821
1777,1146.04876821
1778,1146.04876821
1779,1146.04819598
1780,1146.04819598
1781,1146.04819598
1782,1146.04819598
1783,1146.04819598
1784,1146.04819598
1785,1146.04819598
1786,1146.04819598
1787,1146.04819598
1788,1146.04819598
1789,1146.04819598
1790,1146.04819598
1791,1146.04819598
1792,1146.04819598
1793,1146.04819598
1794,1146.04819598
1795,1146.04819598
1796,1146.04819598
1797,1146.04819598
1798,1146.04819598
1799,1146.04819598
1800,1146.04819598
1801,1146.04819598
1802,1146.04819598
1803,1146.04819598
1804,1146.04819598
1805,1146.04819598
1806,1146.04819598
1807,1146.04819598
1808,1146.04819598
1809,1146.04819598
1810,1146.04819598
1811,1146.04819598
1812,1146.04819598
1813,1146.04819598
1814,1146.04819598
1815,1146.04819598
1816,1146.04819598
1817,1146.04819598
1818,1146.04819598
1819,1146.04819598
1820,1146.04819598
1821,1146.04819598
1822,1146.04819598
1823,1146.04819598
1824,1146.04819598
1825,1146.04819598
1826,1146.04819598
1827,1146.04819598
1828,1146.04819598
1829,1146.04819598
1830,1146.04819598
1831,1146.04819598
1832,1146.04819598
1833,1146.04819598
1834,1146.04819598
1835,1146.04819598
1836,1146.04819598
1837,1146.04819598
1838,1146.04819598
1839,1146.04819598
1840,1146.04819598
1841,1146.04819598
1842,1146.04819598
1843,1146.04819598
1844,1146.04819598
1845,1146.04819598
1846,1146.04819598
1847,1146.04819598
1848,1146.04819598
1849,1146.04819598
1850,1146.04819598
1851,1146.04819598
1852,1146.04819598
1853,1146.04819598
1854,1146.04819598
1855,1146.04819598
1856,1146.04819598
1857,1146.04819598
1858,1146.04819598
1859,1146.04819598
1860,1146.04819598
1861,1146.04819598
1862,1146.04819598
1863,1146.04819598
1864,1146.04819598
1865,1146.04819598
1866,1146.04819598
1867,1146.04819598
1868,1146.04819598
1869,1146.04819598
1870,1146.04819598
1871,1146.04787487
1872,1146.04787487
1873,1146.04787487
1874,1146.04787487
1875,1146.04787487
1876,1146.04787487
1877,1146.04787487
1878,1146.04787487
1879,1146.04782758
1880,1146.04782758
1881,1146.04782758
1882,1146.04782758
1883,1146.04782758
1884,1146.04782758
1885,1146.04782758
1886,1146.04782758
1887,1146.04782758
1888,1146.04782758
1889,1146.04782758
1890,1146.04782758
1891,1146.04782758
1892,1146.04782758
1893,1146.04782758
1894,1146.04782758
1895,1146.04782758
1896,1146.04782758
1897,1146.04782758
1898,1146.04782758
1899,1146.04782758
1900,1146.04782758
1901,1146.04782758
1902,1146.04782758
1903,1146.04782758
1904,1146.04782758
1905,1146.04782758
1906,1146.04782758
1907,1146.04782758
1908,1146.04782758
1909,1146.04782758
1910,1146.04782758
1911,1146.04782758
1912,1146.04782758
1913,1146.04782758
1914,1146.04782758
1915,1146.04782758
1916,1146.04782758
1917,1146.04782758
1918,1146.04782758
1919,1146.04782758
1920,1146.04782758
1921,1146.04782758
1922,1146.04782758
1923,1146.04782758
1924,1146.04782758
1925,1146.04782758
1926,1146.04782758
1927,1146.04782758
1928,1146.04782758
1929,1146.04782758
1930,1146.04782758
1931,1146.04782758
1932,1146.04782758
1933,1146.04782758
1934,1146.04782758
1935,1146.04782758
1936,1146.04782758
1937,1146.04782758
1938,1146.04782758
1939,1146.04782758
1940,1146.04782758
1941,1146.04782758
1942,1146.04782758
1943,1146.04782758
1944,1146.04782758
1945,1146.04782758
1946,1146.04782758
1947,1145.25358957
1948,1145.25358957
1949,1145.25358957
1950,1145.25358957
1951,1145.25358957
1952,1145.25358957
1953,1145.25358957
1954,1145.25358957
1955,1145.25358957
1956,1145.25358957
1957,1145.25358957
1958,1145.25358957
1959,1145.25358957
1960,1145.25358957
1961,1145.25358957
1962,1145.25358957
1963,1145.25358957
1964,1145.25358957
1965,1145.25358957
1966,1145.25358957
1967,1145.25358957
1968,1145.25358957
1969,1145.25358957
1970,1145.25358957
1971,1145.25358957
1972,1145.25358957
1973,1145.25358957
1974,1145.25358957
1975,1145.25358957
1976,1145.25358957
1977,1145.25358957
1978,1145.25358957
1979,1145.25358957
1980,1145.25358957
1981,1145.25358957
1982,1145.25358957
1983,1145.25358957
1984,1145.25358957
1985,1145.25358957
1986,1145.25358957
1987,1145.25358957
1988,1145.25358957
1989,1145.25358957
1990,1145.25358957
1991,1145.25358957
1992,1145.25358957
1993,1145.25358957
1994,1145.25358957
1995,1145.25358957
1996,1145.25358957
1997,1145.25358957
1998,1145.25358957
1999,1145.25358957
2000,1145.25358957
2001,1145.25358957
2002,1145.25358957
2003,1145.25358957
2004,1145.25358957
2005,1145.25358957
2006,1145.25358957
2007,1145.25358957
2008,1145.25358957
2009,1145.25358957
2010,1145.25358957
2011,1145.25358957
2012,1145.25358957
2013,1145.25358957
2014,1144.9476207
2015,1144.9476207
2016,1144.9476207
2017,1144.9476207
2018,1144.9476207
2019,1144.9476207
2020,1144.76903181
2021,1144.76903181
2022,1144.76903181
2023,1144.76903181
2024,1144.76903181
2025,1144.76903181
2026,1144.76903181
2027,1144.76903181
2028,1144.76903181
2029,1144.76903181
2030,1144.76903181
2031,1144.76903181
2032,1144.76903181
2033,1144.76903181
2034,1144.76903181
2035,1144.76903181
2036,1144.76898959
2037,1144.76898959
2038,1144.76898959
2039,1144.76898959
2040,1144.76898959
2041,1144.76898959
2042,1144.76898959
2043,1144.61131639
2044,1144.61131639
2045,1144.61131639
2046,1144.61131639
2047,1144.61131639
2048,1144.61131639
2049,1144.61131639
2050,1144.61131639
2051,1144.61131639
2052,1144.61131639
2053,1144.61131639
2054,1144.61131639
2055,1144.61131639
2056,1144.61131639
2057,1144.61131639
2058,1144.61131639
2059,1144.61131639
2060,1144.61131639
2061,1144.61131639
2062,1144.61131639
2063,1144.61131639
2064,1144.61131639
2065,1144.61131639
2066,1144.61131639
2067,1144.61131639
2068,1144.61131639
2069,1144.61131639
2070,1144.61131639
2071,1144.61131639
2072,1144.61131639
2073,1144.61131639
2074,1144.61131639
2075,1144.61131639
2076,1144.61131639
2077,1144.61131639
2078,1144.61131639
2079,1144.61131639
2080,1144.61131639
2081,1144.61131639
2082,1144.61131639
2083,1144.61131639
2084,1144.61131639
2085,1144.61131639
2086,1144.61131639
2087,1144.61131639
2088,1144.61131639
2089,1144.61131639
2090,1144.61131639
2091,1144.61131639
2092,1144.61131639
2093,1144.61131639
2094,1144.61131639
2095,1144.61131639
2096,1144.61131639
2097,1144.61131639
2098,1144.61131639
2099,1144.61131639
2100,1144.61131639
2101,1144.61131639
2102,1144.61131639
2103,1144.61131639
2104,1144.61131639
2105,1144.61131639
2106,1144.61131639
2107,1144.61131639
2108,1144.61131639
2109,1144.61131639
2110,1144.61131639
2111,1144.61131639
2112,1144.61131639
2113,1144.61131639
2114,1144.61131639
2115,1144.61131639
2116,1144.61131639
2117,1144.61131639
2118,1144.61131639
2119,1144.61131639
2120,1144.61131639
2121,1144.61131639
2122,1144.61131639
2123,1144.61131639
2124,1144.61131639
2125,1144.61131639
2126,1144.61131639
2127,1144.61131639
2128,1144.61131639
2129,1144.61131639
2130,1144.61131639
2131,1144.61131639
2132,1144.61131639
2133,1144.61131639
2134,1144.61131639
2135,1144.61131639
2136,1144.61131639
2137,1144.61131639
2138,1144.61126899
2139,1144.61126899
2140,1144.61126899
2141,1144.61126899
2142,1144.61126899
2143,1144.61126899
2144,1144.61126899
2145,1144.61126899
2146,1144.61126899
2147,1144.61126899
2148,1144.61126899
2149,1144.61126899
2150,1144.61126899
2151,1144.61126899
2152,1144.61126899
2153,1144.61126899
2154,1144.61126899
2155,1144.61126899
2156,1144.61126899
2157,1144.61126899
2158,1144.61126899
2159,1144.61126899
2160,1144.61126899
2161,1144.61126899
2162,1144.61126899
2163,1144.61126899
2164,1144.61126899
2165,1144.61126899
2166,1144.61126899
2167,1144.61126899
2168,1144.61126899
2169,1144.61126899
2170,1144.61126899
2171,1144.61126899
2172,1144.61126899
2173,1144.61126899
2174,1144.61126899
2175,1144.61126899
2176,1144.61126899
2177,1144.61126071
2178,1144.61126071
2179,1144.61126071
2180,1144.61126071
2181,1144.61126071
2182,1144.61126071
2183,1144.61126071
2184,1144.61126071
2185,1144.61126071
2186,1144.61126071
2187,1144.61126071
2188,1144.61126071
2189,1144.61126071
2190,1144.61126071
2191,1144.61126071
2192,1144.61126071
2193,1144.61126071
2194,1144.61126071
2195,1144.61126071
2196,1144.61126071
2197,1144.61126071
2198,1144.61126071
2199,1142.0798156
2200,1142.0798156
2201,1142.0798156
2202,1142.0798156
2203,1142.0798156
2204,1142.0798156
2205,1142.0798156
2206,1142.0798156
2207,1142.0798156
2208,1142.0798156
2209,1142.0798156
2210,1142.0798156
2211,1142.0798156
2212,1142.0798156
2213,1142.0798156
2214,1142.0798156
2215,1142.0798156
2216,1142.0798156
2217,1142.0798156
2218,1142.0798156
2219,1142.0798156
2220,1142.0798156
2221,1142.0798156
2222,1142.0798156
2223,1142.0798156
2224,1142.0798156
2225,1142.0798156
2226,1142.0798156
2227,1142.0798156
2228,1142.0798156
2229,1142.0798156
2230,1142.0798156
2231,1142.0798156
2232,1142.0798156
2233,1142.0798156
2234,1142.0798156
2235,1142.0798156
2236,1142.0798156
2237,1142.0798156
2238,1142.0798156
2239,1142.0798156
2240,1142.0798156
2241,1142.0798156
2242,1142.0798156
2243,1142.0798156
2244,1142.0798156
2245,1142.0798156
2246,1142.07981481
2247,1142.07981481
2248,1142.07981481
2249,1142.07981481
2250,1142.07981481
2251,1142.07981481
2252,1142.07981481
2253,1142.07981481
2254,1142.07981481
2255,1142.07981481
2256,1142.07981481
2257,1142.07981481
2258,1142.07981481
2259,1142.07981481
2260,1142.07981481
2261,1142.07981481
2262,1142.07981481
2263,1142.07981481
2264,1142.07981481
2265,1142.07981481
2266,1142.07981481
2267,1142.07981481
2268,1142.07981481
2269,1142.07981481
2270,1142.07981481
2271,1142.07981481
2272,1142.07981481
2273,1142.07981481
2274,1142.07981481
2275,1142.07981481
2276,1142.07981481
2277,1142.07981481
2278,1142.07981481
2279,1142.07981481
2280,1142.07981481
2281,1142.07981481
2282,1142.07981481
2283,1142.07981481
2284,1142.07981481
2285,1142.07981481
2286,1142.07981481
2287,1142.07981481
2288,1142.07981481
2289,1142.07981481
2290,1142.07981481
2291,1142.07981481
2292,1142.07981481
2293,1142.07981481
2294,1142.07981481
2295,1142.07981481
2296,1142.07981481
2297,1142.07981481
2298,1142.07981481
2299,1142.07981344
2300,1142.07981344
2301,1142.07981344
2302,1142.07981344
2303,1142.07981344
2304,1142.07981344
2305,1142.07981344
2306,1142.07981344
2307,1142.07981344
2308,1142.07981344
2309,1142.07981344
2310,1142.07981344
2311,1142.07981344
2312,1142.07981344
2313,1142.07981344
2314,1142.07981344
2315,1142.07981344
2316,1142.07981344
2317,1142.07981344
2318,1142.07981344
2319,1142.07981344
2320,1142.07981344
2321,1142.07981344
2322,1142.07981344
2323,1142.07981344
2324,1142.07981344
2325,1142.07981344
2326,1142.07981344
2327,1142.07981344
2328,1142.07981344
2329,1142.07981344
2330,1142.07981344
2331,1142.07981344
2332,1142.07981344
2333,1142.07981344
2334,1142.07981344
2335,1142.07981344
2336,1142.07981344
2337,1142.07981344
2338,1142.07981344
2339,1142.07981344
2340,1142.07981344
2341,1142.07981344
2342,1142.07981344
2343,1142.07981344
2344,1142.07981344
2345,1142.07981344
2346,1142.07981344
2347,1142.07981344
2348,1142.07981344
2349,1142.07981344
2350,1142.07981344
2351,1142.07981344
2352,1142.07981242
2353,1142.07981242
2354,1142.07981242
2355,1142.07981242
2356,1142.07981242
2357,1142.07981242
2358,1142.07981242
2359,1142.07981242
2360,1142.07981242
2361,1142.07981242
2362,1142.07981242
2363,1142.07981242
2364,1142.07981126
2365,1142.07981126
2366,1142.07981126
2367,1142.07981126
2368,1142.07981126
2369,1142.07981126
2370,1142.07981126
2371,1142.07981126
2372,1142.07981126
2373,1142.07981126
2374,1142.07981119
2375,1142.07981119
2376,1142.07981119
2377,1142.07981119
2378,1142.07981119
2379,1142.07981119
2380,1142.07981119
2381,1142.07981119
2382,1142.07981119
2383,1142.07981119
2384,1142.07981119
2385,1142.07981119
2386,1142.07981119
2387,1142.07981119
2388,1142.07981119
2389,1142.07981119
2390,1142.07981119
2391,1142.07981119
2392,1142.07981119
2393,1142.07981119
2394,1142.07981119
2395,1142.07981119
2396,1142.07981119
2397,1142.07981119
2398,1142.07981119
2399,1142.07981119
2400,1142.07981119
2401,1142.07981119
2402,1142.07981119
2403,1142.07981119
2404,1142.07981119
2405,1142.07981119
2406,1142.07981119
2407,1142.07981119
2408,1142.07981119
2409,1142.07981119
2410,1142.07981119
2411,1142.07981119
2412,1142.07981119
2413,1142.07981119
2414,1142.07981119
2415,1142.07981119
2416,1142.07981119
2417,1142.07981119
2418,1142.07981119
2419,1142.07981119
2420,1142.07981119
2421,1142.07981119
2422,1142.07981119
2423,1142.07981119
2424,1141.84842308
2425,1141.84842308
2426,1141.84842308
2427,1141.84842308
2428,1141.84842308
2429,1141.84842308
2430,1141.84842308
2431,1141.84842308
2432,1141.84842308
2433,1140.91409221
2434,1140.91409221
2435,1140.91409221
2436,1140.91409221
2437,1140.91409221
2438,1140.91409221
2439,1140.91409221
2440,1140.91409221
2441,1140.91409221
2442,1140.91409221
2443,1140.91409221
2444,1140.91409221
2445,1140.91409221
2446,1140.91409221
2447,1140.91409221
2448,1140.91409221
2449,1140.91409221
2450,1140.91409221
2451,1139.34100462
2452,1139.34100462
2453,1139.34100462
2454,1139.34100462
2455,1139.34100462
2456,1139.34100462
2457,1131.84682344
2458,1131.84682344
2459,1131.84682344
2460,1131.84682344
2461,1131.84682344
2462,1131.84682344
2463,1131.84682344
2464,1131.84682344
2465,1131.84682344
2466,1131.84682344
2467,1131.84682344
2468,1131.84682344
2469,1131.84682344
2470,1131.84682344
2471,1131.84682344
2472,1131.84682344
2473,1131.84682344
2474,1131.84682344
2475,1131.84682344
2476,1131.84682344
2477,1131.84682344
2478,1131.84682344
2479,1131.84682344
2480,1131.84682344
2481,1131.84682344
2482,1131.84682344
2483,1131.84682344
2484,1131.84682344
2485,1131.84682344
2486,1131.84682344
2487,1131.84682344
2488,1131.84682344
2489,1131.84682344
2490,1131.84682344
2491,1131.84682344
2492,1131.84682344
2493,1131.84682344
2494,1131.84682344
2495,1131.84682344
2496,1131.84682344
2497,1131.84682344
2498,1131.84682344
2499,1131.84682344
2500,1131.84682344
2501,1131.84682344
2502,1131.84682344
2503,1131.84682344
2504,1131.84682344
2505,1131.84682344
2506,1131.84682344
2507,1131.84682344
2508,1131.84682344
2509,1131.84682344
2510,1131.84682344
2511,1131.84682344
2512,1131.84682344
2513,1131.84682344
2514,1131.84682344
2515,1131.84682344
2516,1131.84682344
2517,1131.84682344
2518,1131.84682344
2519,1131.84682344
2520,1131.84682344
2521,1131.84682344
2522,1131.84682344
2523,1131.84682344
2524,1131.84682344
2525,1131.84682344
2526,1131.84682344
2527,1131.84682344
2528,1131.84682344
2529,1131.84682344
2530,1131.84682344
2531,1131.84682344
2532,1131.84682344
2533,1131.84682344
2534,1131.84682344
2535,1131.84682344
2536,1131.84682344
2537,1131.84682344
2538,1131.84682344
2539,1131.84682344
2540,1131.84682344
2541,1131.84682344
2542,1131.84682344
2543,1131.84682344
2544,1131.84682344
2545,1131.84682344
2546,1131.84682344
2547,1131.84682344
2548,1131.84682344
2549,1131.84682344
2550,1131.84682344
2551,1131.84682344
2552,1131.84682344
2553,1131.84682344
2554,1131.84682344
2555,1131.84682344
2556,1131.84682344
2557,1131.84682344
2558,1131.84682344
2559,1131.84682344
2560,1131.84682344
2561,1131.84682344
2562,1131.84682344
2563,1131.84682344
2564,1131.84682344
2565,1131.84682344
2566,1131.84682344
2567,1131.84682344
2568,1131.84682344
2569,1131.84682344
2570,1131.84682344
2571,1131.84682344
2572,1131.84682344
2573,1131.84682344
2574,1131.84682344
2575,1131.84682344
2576,1131.84682344
2577,1131.84682344
2578,1131.84682344
2579,1131.84682344
2580,1131.84682344
2581,1131.84682344
2582,1131.84682344
2583,1131.84682344
2584,1131.84682344
2585,1131.84682344
2586,1131.84682344
2587,1131.84682344
2588,1131.84682344
2589,1131.84682344
2590,1131.84682344
2591,1131.84682344
2592,1131.84682344
2593,1131.84682344
2594,1131.84682344
2595,1131.84682344
2596,1130.98509371
2597,1130.98509371
2598,1130.98509371
2599,1130.98509371
2600,1130.98509371
2601,1130.98509371
2602,1130.98509371
2603,1130.98509371
2604,1130.98509371
2605,1130.98509371
2606,1130.98509371
2607,1130.98509371
2608,1130.98509371
2609,1130.98509371
2610,1130.98509371
2611,1130.98509371
2612,1130.98509371
2613,1130.98509371
2614,1130.98509371
2615,1130.98509371
2616,1130.98509371
2617,1130.98509371
2618,1130.98509371
2619,1130.98509371
2620,1130.98509371
2621,1130.98509371
2622,1130.98509371
2623,1130.98509371
2624,1130.98509371
2625,1130.98509371
2626,1130.98509371
2627,1130.98509371
2628,1130.98509371
2629,1130.98509371
2630,1130.98509371
2631,1130.98509371
2632,1130.98509371
2633,1130.98509371
2634,1130.98509371
2635,1130.98509371
2636,1130.98509371
2637,1130.98509371
2638,1129.49919245
2639,1129.49919245
2640,1129.49919245
2641,1129.49919245
2642,1129.49919245
2643,1129.49919245
2644,1129.49919245
2645,1129.49919245
2646,1129.49919245
2647,1129.49919245
2648,1129.49919245
2649,1129.49919245
2650,1129.49919245
2651,1129.49919245
2652,1129.49919245
2653,1129.49919245
2654,1129.49919245
2655,1129.49919245
2656,1129.49919245
2657,1129.49919245
2658,1129.49919245
2659,1129.49919245
2660,1129.49919245
2661,1129.49919245
2662,1129.49919245
2663,1129.49919245
2664,1129.49919245
2665,1129.49919245
2666,1129.49919245
2667,1129.49919245
2668,1129.49919245
2669,1129.49919245
2670,1129.49919245
2671,1129.49919245
2672,1129.49919245
2673,1129.49919245
2674,1129.49919245
2675,1129.49919245
2676,1129.49919245
2677,1129.49919245
2678,1129.49919245
2679,1129.49919245
2680,1129.49919245
2681,1129.49919245
2682,1129.49919245
2683,1129.49919245
2684,1129.49919245
2685,1129.49919245
2686,1129.49919245
2687,1129.49919245
2688,1129.49919245
2689,1129.49919245
2690,1129.49919245
2691,1129.49919245
2692,1129.49919245
2693,1129.49919245
2694,1129.49919245
2695,1129.49919245
2696,1129.49919245
2697,1129.49919245
2698,1129.49919245
2699,1129.49919245
2700,1129.49919245
2701,1129.49919245
2702,1129.49919245
2703,1128.79576051
2704,1128.79576051
2705,1128.79576051
2706,1128.79576051
2707,1128.79576051
2708,1128.79576051
2709,1128.79576051
2710,1128.79576051
2711,1128.79576051
2712,1128.79576051
2713,1128.79576051
2714,1128.79576051
2715,1128.79576051
2716,1128.79576051
2717,1128.79576051
2718,1128.79576051
2719,1128.79576051
2720,1128.79576051
2721,1128.79576051
2722,1128.79576051
2723,1128.79576051
2724,1128.79576051
2725,1128.79576051
2726,1128.79576051
2727,1128.79576051
2728,1128.79576051
2729,1128.79576051
2730,1128.79576051
2731,1128.79576051
2732,1128.79576051
2733,1128.79576051
2734,1128.79576051
2735,1128.79576051
2736,1128.79576051
2737,1128.79576051
2738,1128.79576046
2739,1128.79576046
2740,1128.79576046
2741,1128.79576046
2742,1128.79576046
2743,1128.79576046
2744,1128.79576046
2745,1128.79576046
2746,1128.79576046
2747,1128.76570161
2748,1128.76570161
2749,1128.76570161
2750,1128.76570161
2751,1128.76570161
2752,1128.76570161
2753,1128.76570161
2754,1128.76570161
2755,1128.76570161
2756,1128.76570161
2757,1128.76570161
2758,1128.76570161
2759,1128.76570161
2760,1128.76570161
2761,1128.76570161
2762,1128.76570161
2763,1128.76570161
2764,1128.76570161
2765,1128.76570161
2766,1128.76570161
2767,1128.76570161
2768,1128.7657016
2769,1128.7657016
2770,1128.7657016
2771,1128.7657016
2772,1128.7657016
2773,1128.7657016
2774,1128.7657016
2775,1128.7657016
2776,1128.7657016
2777,1128.7657016
2778,1128.7657016
2779,1128.7657016
2780,1128.7657016
2781,1128.7657016
2782,1128.7657016
2783,1128.7657016
2784,1128.7657016
2785,1128.7657016
2786,1128.7657016
2787,1128.7657016
2788,1128.7657016
2789,1128.7657016
2790,1128.7657016
2791,1128.7657016
2792,1128.76570158
2793,1128.76570158
2794,1128.76570158
2795,1128.76570158
2796,1128.76570158
2797,1128.76570158
2798,1128.76570158
2799,1128.76570158
2800,1128.76570158
2801,1128.76570158
2802,1128.76570158
2803,1128.76570158
2804,1128.76570158
2805,1128.76570158
2806,1128.76570158
2807,1128.76570158
2808,1128.76570158
2809,1128.76570158
2810,1128.76570158
2811,1128.76570158
2812,1128.76570158
2813,1128.76570158
2814,1128.76570158
2815,1128.76570158
2816,1128.76570158
2817,1128.76570158
2818,1128.76570158
2819,1128.76570158
2820,1128.76570158
2821,1128.76570158
2822,1128.76570158
2823,1128.76570158
2824,1128.76570158
2825,1128.76570158
2826,1128.76570158
2827,1128.76570158
2828,1128.76570158
2829,1128.76570147
2830,1128.76570147
2831,1128.76570147
2832,1128.76570147
2833,1128.76570147
2834,1128.76570147
2835,1128.76570147
2836,1128.76570147
2837,1128.76570147
2838,1128.76570147
2839,1128.76570147
2840,1128.76570147
2841,1128.76570147
2842,1128.76570147
2843,1128.76570147
2844,1128.76570147
2845,1128.76570147
2846,1128.76570147
2847,1128.76570147
2848,1128.76570147
2849,1128.76570147
2850,1128.76570147
2851,1128.76570147
2852,1128.76570147
2853,1128.76570147
2854,1128.76570147
2855,1128.76570147
2856,1128.76570147
2857,1128.76570147
2858,1128.76570147
2859,1128.76570147
2860,1128.76570147
2861,1128.76570147
2862,1128.76570147
2863,1128.76570147
2864,1128.76570147
2865,1128.76570147
2866,1128.76570147
2867,1128.76570147
2868,1128.76570147
2869,1128.76570147
2870,1128.76570147
2871,1128.76570147
2872,1128.76570147
2873,1128.76570147
2874,1128.76570147
2875,1128.76570147
2876,1128.76570147
2877,1128.76570147
2878,1128.76570147
2879,1128.76570147
2880,1128.76570147
2881,1128.76570147
2882,1128.76570147
2883,1128.76570147
2884,1128.76570147
2885,1128.76570147
2886,1128.76570147
2887,1128.76570147
2888,1128.76570147
2889,1128.76570147
2890,1128.76570147
2891,1128.76570147
2892,1128.76570147
2893,1128.76570147
2894,1128.76570147
2895,1128.76570147
2896,1128.76570147
2897,1128.76570147
2898,1128.76570147
2899,1128.76570147
2900,1128.76570147
2901,1128.76570147
2902,1128.76570147
2903,1128.76570147
2904,1128.76570147
2905,1128.76570147
2906,1128.76570147
2907,1128.76570147
2908,1128.76570147
2909,1128.76570147
2910,1128.76570147
2911,1128.76570147
2912,1128.76570147
2913,1128.76570147
2914,1128.76570147
2915,1128.76570147
2916,1128.76570147
2917,1128.76570147
2918,1128.76570147
2919,1128.76570147
2920,1128.76570147
2921,1128.76570147
2922,1128.76570147
2923,1128.76570147
2924,1128.76570147
2925,1128.76570147
2926,1128.76570147
2927,1128.76570147
2928,1128.76570147
2929,1128.76570147
2930,1128.76570147
2931,1128.76570147
2932,1128.76570147
2933,1128.76570147
2934,1128.76570147
2935,1128.76570147
2936,1128.76570147
2937,1128.76570147
2938,1128.76570147
2939,1128.76570147
2940,1128.76570144
2941,1128.76570144
2942,1128.76570144
2943,1128.76570144
2944,1128.76570144
2945,1128.76570144
2946,1128.76570144
2947,1128.76570144
2948,1128.76570144
2949,1128.76570144
2950,1128.76570144
2951,1128.76570144
2952,1128.76570144
2953,1128.76570144
2954,1128.76570144
2955,1128.76570144
2956,1128.76570144
2957,1128.76570144
2958,1128.76570144
2959,1128.76570144
2960,1128.76570144
2961,1128.76570144
2962,1128.76570144
2963,1128.76570144
2964,1128.76570144
2965,1128.76570144
2966,1128.76570144
2967,1128.76570144
2968,1128.76570144
2969,1128.76570144
2970,1128.76570144
2971,1128.76570144
2972,1128.76570144
2973,1128.76570144
2974,1128.76570144
2975,1128.76570144
2976,1128.76570144
2977,1128.76570144
2978,1128.76570144
2979,1128.76570144
2980,1128.76570144
2981,1128.76570144
2982,1128.76570144
2983,1128.76570144
2984,1128.76570144
2985,1128.76570144
2986,1128.76570144
2987,1128.76570144
2988,1128.76570144
2989,1128.76570144
2990,1128.76570144
2991,1128.76570144
2992,1128.76570144
2993,1128.76570144
2994,1128.76570144
2995,1128.76570144
2996,1128.76570144
2997,1128.76570144
2998,1128.76570144
2999,1128.76570144
3000,1128.76570144
3001,1128.76570144
3002,1128.76570144
3003,1128.76570144
3004,1128.76570144
3005,1128.76570144
3006,1128.76570144
3007,1128.76570144
3008,1128.76570144
3009,1128.76570144
3010,1128.76570144
3011,1128.76570144
3012,1128.76570144
3013,1128.76570144
3014,1128.76570144
3015,1128.76570144
3016,1128.76570144
3017,1128.76570144
3018,1128.76570144
3019,1128.76570144
3020,1128.76570144
3021,1128.76570144
3022,1128.76570144
3023,1128.76570144
3024,1128.76570144
3025,1128.76570144
3026,1128.76570144
3027,1128.76570144
3028,1128.76570144
3029,1128.76570144
3030,1128.76570144
3031,1128.76570144
3032,1128.25161844
3033,1128.25161844
3034,1128.25161844
3035,1128.25161844
3036,1128.25161844
3037,1128.25161844
3038,1128.25161844
3039,1128.25161844
3040,1128.25161844
3041,1128.25161844
3042,1128.25161844
3043,1128.25161844
3044,1128.25161844
3045,1128.25161844
3046,1128.25161844
3047,1128.25161844
3048,1127.54775575
3049,1127.54775575
3050,1127.54775575
3051,1127.54775575
3052,1127.54775575
3053,1127.54775575
3054,1127.54775575
3055,1127.54775575
3056,1127.54775575
3057,1127.54775575
3058,1127.54775575
3059,1127.54775575
3060,1127.54775575
3061,1127.54775575
3062,1127.54775575
3063,1127.54775575
3064,1127.54775575
3065,1126.06710854
3066,1126.06710854
3067,1126.06710854
3068,1126.06710854
3069,1126.06710854
3070,1126.06710854
3071,1126.06710854
3072,1126.06710854
3073,1126.06710854
3074,1126.06710854
3075,1126.06710854
3076,1126.06710854
3077,1126.06710854
3078,1126.06710854
3079,1126.06710854
3080,1126.06710854
3081,1126.06710854
3082,1126.06710854
3083,1126.06710854
3084,1126.06710854
3085,1126.06710854
3086,1126.06710854
3087,1126.06710854
3088,1126.06710854
3089,1126.06710854
3090,1126.06710854
3091,1126.06710854
3092,1126.06710854
3093,1126.06710854
3094,1126.06710854
3095,1126.06710854
3096,1126.06710854
3097,1126.06710854
3098,1126.06710854
3099,1126.06710854
3100,1126.06710854
3101,1126.06710854
3102,1126.06710854
3103,1126.06710854
3104,1126.06710854
3105,1126.06710854
3106,1126.06710854
3107,1126.06710854
3108,1126.06710854
3109,1126.06710854
3110,1126.06710854
3111,1126.06710854
3112,1126.06710854
3113,1126.06710854
3114,1126.06710854
3115,1126.06710854
3116,1126.06710854
3117,1126.06710854
3118,1126.06710854
3119,1126.06710854
3120,1126.06710854
3121,1126.06710854
3122,1126.06710854
3123,1126.06710854
3124,1126.06710854
3125,1126.06710854
3126,1126.06710854
3127,1126.06710854
3128,1126.06710854
3129,1126.06710854
3130,1126.06710854
3131,1126.06710854
3132,1126.06710854
3133,1126.06710854
3134,1126.06710854
3135,1126.06710854
3136,1126.06710854
3137,1126.06710854
3138,1126.06710854
3139,1126.06710854
3140,1126.06710854
3141,1126.06710854
3142,1126.06710854
3143,1126.06710854
3144,1126.06710854
3145,1126.06710854
3146,1126.06710854
3147,1126.06710854
3148,1126.06710854
3149,1126.06710854
3150,1126.06710854
3151,1126.06710854
3152,1126.06710854
3153,1126.06710854
3154,1126.06710854
3155,1126.06710854
3156,1126.06710854
3157,1126.06710854
3158,1126.06710854
3159,1126.06710854
3160,1126.06710854
3161,1126.06710854
3162,1126.06710854
3163,1126.06710854
3164,1126.06710854
3165,1126.06710854
3166,1126.06710854
3167,1126.06710854
3168,1126.06710854
3169,1126.06710854
3170,1126.06710854
3171,1126.06710854
3172,1126.06710854
3173,1126.06710854
3174,1126.06710854
3175,1126.06710854
3176,1126.06710854
3177,1126.06710854
3178,1126.06710854
3179,1126.06710854
3180,1126.06710854
3181,1126.06710854
3182,1126.06710854
3183,1126.06710854
3184,1126.06710854
3185,1126.06710854
3186,1126.06710854
3187,1126.06710854
3188,1126.06710854
3189,1126.06710854
3190,1126.06710854
3191,1126.06710854
3192,1126.06710854
3193,1126.06710854
3194,1126.06710854
3195,1126.06710854
3196,1126.06710854
3197,1126.06710854
3198,1126.06710854
3199,1126.06710854
3200,1126.06710854
3201,1126.06710854
3202,1126.06710854
3203,1126.06710854
3204,1126.06710854
3205,1126.06710854
3206,1126.06710854
3207,1126.06710854
3208,1125.71126442
3209,1125.71126442
3210,1125.71126442
3211,1125.71126442
3212,1125.71126442
3213,1125.71126442
3214,1125.71126442
3215,1125.71126442
3216,1125.71126442
3217,1125.71126442
3218,1125.71126442
3219,1125.71126442
3220,1125.71126442
3221,1125.71126442
3222,1125.71126442
3223,1125.71126442
3224,1125.71126442
3225,1125.71126442
3226,1125.71126442
3227,1125.71126442
3228,1125.71126442
3229,1125.71126442
3230,1125.71126442
3231,1125.71126442
3232,1125.71126442
3233,1125.71126442
3234,1125.71126442
3235,1125.71126442
3236,1125.71126442
3237,1125.71126442
3238,1125.71126442
3239,1125.71126442
3240,1125.71126442
3241,1125.71126442
3242,1125.71126442
3243,1125.71126442
3244,1125.71126442
3245,1125.71126442
3246,1125.71126442
3247,1125.71126442
3248,1125.71126442
3249,1125.71126442
3250,1125.71126442
3251,1125.71126442
3252,1125.71126442
3253,1125.71126442
3254,1125.71126442
3255,1125.71126299
3256,1124.4700732
3257,1124.4700732
3258,1124.4700732
3259,1124.4700732
3260,1124.4700732
3261,1124.4700732
3262,1124.4700732
3263,1124.4700732
3264,1124.4700732
3265,1124.4700732
3266,1124.4700732
3267,1124.4700732
3268,1124.4700732
3269,1124.4700732
3270,1124.4700732
3271,1124.4700732
3272,1124.4700732
3273,1124.4700732
3274,1124.4700732
3275,1124.4700732
3276,1124.4700732
3277,1124.4700732
3278,1124.4700732
3279,1124.4700732
3280,1124.47007265
3281,1124.47007265
3282,1124.47007265
3283,1124.47007265
3284,1124.47007265
3285,1124.47007265
3286,1124.47007265
3287,1124.47007265
3288,1124.47007265
3289,1124.47007265
3290,1124.47007265
3291,1124.47007265
3292,1124.47007265
3293,1124.47007265
3294,1124.47007265
3295,1124.47007265
3296,1124.47007265
3297,1124.47007265
3298,1124.47007265
3299,1124.47007265
3300,1124.47007265
3301,1124.47007265
3302,1124.47007265
3303,1124.47007265
3304,1124.47007265
3305,1124.47007265
3306,1124.47007265
3307,1124.47007265
3308,1124.47007265
3309,1124.47007265
3310,1124.47007265
3311,1124.47007265
3312,1124.47007265
3313,1124.47007265
3314,1124.47007265
3315,1124.47007265
3316,1124.47007265
3317,1124.47007265
3318,1124.47007265
3319,1124.47007265
3320,1124.47007265
3321,1124.47007265
3322,1124.47007265
3323,1124.47007265
3324,1124.47007265
3325,1124.47007265
3326,1124.47007265
3327,1124.47007265
3328,1124.47007265
3329,1124.47007265
3330,1124.47007265
3331,1124.47007265
3332,1124.47007265
3333,1124.47007265
3334,1124.47007265
3335,1124.47007265
3336,1124.47007265
3337,1124.47007265
3338,1124.47007265
3339,1124.47007265
3340,1124.47007265
3341,1124.47007265
3342,1124.47007265
3343,1124.47007265
3344,1124.47007265
3345,1124.47007265
3346,1124.47007265
3347,1124.47007265
3348,1124.47007265
3349,1124.47007265
3350,1124.47007265
3351,1124.47007265
3352,1124.47007265
3353,1124.47007265
3354,1124.47007265
3355,1124.47007265
3356,1124.47007265
3357,1124.47007265
3358,1124.47007265
3359,1124.47007265
3360,1124.47007265
3361,1124.47007265
3362,1124.47007265
3363,1124.47007265
3364,1124.47007265
3365,1124.47007265
3366,1124.47007265
3367,1124.47007265
3368,1124.47007265
3369,1124.47007265
3370,1124.47007265
3371,1124.47007265
3372,1124.47007265
3373,1124.47007265
3374,1124.47007265
3375,1124.47007265
3376,1124.47007265
3377,1124.47007265
3378,1124.47007265
3379,1124.47007265
3380,1124.4700717
3381,1124.4700717
3382,1124.4700717
3383,1124.4700717
3384,1124.4700717
3385,1124.4700717
3386,1124.4700717
3387,1124.4700717
3388,1124.4700717
3389,1124.4700717
3390,1124.4700717
3391,1124.4700717
3392,1124.4700717
3393,1124.4700717
3394,1124.4700717
3395,1124.4700717
3396,1124.4700717
3397,1124.4700717
3398,1124.4700717
3399,1124.4700717
3400,1124.4700717
3401,1124.4700717
3402,1124.4700717
3403,1124.4700717
3404,1124.4700717
3405,1124.4700717
3406,1124.4700717
3407,1124.4700717
3408,1124.4700717
3409,1124.4700717
3410,1124.4700717
3411,1124.4700717
3412,1124.4700717
3413,1124.4700717
3414,1124.4700717
3415,1124.4700717
3416,1124.4700717
3417,1124.4700717
3418,1124.4700717
3419,1124.4700717
3420,1124.4700717
3421,1124.4700717
3422,1124.4700717
3423,1124.4700717
3424,1124.4700717
3425,1124.4700717
3426,1124.4700717
3427,1124.4700717
3428,1124.4700717
3429,1124.4700717
3430,1124.4700717
3431,1124.4700717
3432,1124.4700717
3433,1124.4700717
3434,1124.4700717
3435,1124.4700717
3436,1124.4700717
3437,1124.4700717
3438,1124.4700717
3439,1124.4700717
3440,1124.4700717
3441,1124.4700717
3442,1124.4700717
3443,1124.4700717
3444,1124.4700717
3445,1124.4700717
3446,1124.4700717
3447,1124.4700717
3448,1124.4700717
3449,1124.4700717
3450,1124.4700717
3451,1124.4700717
3452,1124.4700717
3453,1124.4700717
3454,1124.4700717
3455,1124.4700717
3456,1124.4700717
3457,1124.4700717
3458,1124.4700717
3459,1124.4700717
3460,1124.4700717
3461,1124.4700717
3462,1124.4700717
3463,1124.4700717
3464,1124.4700717
3465,1124.4700717
3466,1124.4700717
3467,1124.4700717
3468,1124.4700717
3469,1124.4700717
3470,1124.4700717
3471,1124.4700717
3472,1124.46611097
3473,1124.46611097
3474,1124.46611097
3475,1124.46611097
3476,1124.46611097
3477,1124.46611097
3478,1124.46611097
3479,1124.46611097
3480,1124.46611097
3481,1124.46611097
3482,1124.46611097
3483,1124.46611097
3484,1124.46611097
3485,1124.46611097
3486,1124.46611097
3487,1124.46611097
3488,1124.46611097
3489,1124.46611097
3490,1124.46611097
3491,1124.46611097
3492,1124.46611097
3493,1124.46611097
3494,1124.46611097
3495,1124.46611097
3496,1124.46611097
3497,1124.46611097
3498,1124.46611097
3499,1124.46611097
3500,1124.46611097
3501,1124.46611097
3502,1124.46611097
3503,1124.46611097
3504,1124.46611097
3505,1124.46611097
3506,1124.46611097
3507,1124.46611097
3508,1124.46611097
3509,1124.46611097
3510,1124.46611097
3511,1124.46611097
3512,1124.46611097
3513,1124.46611097
3514,1124.46611097
3515,1124.46611097
3516,1124.46611097
3517,1124.46611097
3518,1124.46611097
3519,1124.46611097
3520,1124.46611097
3521,1124.46611097
3522,1124.46611097
3523,1124.46611097
3524,1124.46611097
3525,1124.46611097
3526,1124.46611097
3527,1124.46611097
3528,1124.46611097
3529,1124.46611097
3530,1124.46611097
3531,1124.46611097
3532,1124.46611097
3533,1124.46611097
3534,1124.46611097
3535,1124.46611097
3536,1124.46611097
3537,1124.46611097
3538,1124.46611097
3539,1124.46611097
3540,1124.46611097
3541,1124.46611097
3542,1124.46611097
3543,1124.46611097
3544,1124.46611097
3545,1124.46611097
3546,1124.46611097
3547,1124.46611097
3548,1124.46611097
3549,1124.46611097
3550,1124.46611097
3551,1124.46611097
3552,1124.46611097
3553,1124.46611097
3554,1124.46611097
3555,1124.46611097
3556,1124.46611097
3557,1124.46611097
3558,1124.46611097
3559,1124.46611097
3560,1124.46611097
3561,1124.46611097
3562,1124.46611097
3563,1124.46611097
3564,1124.46611097
3565,1124.46611097
3566,1124.46611097
3567,1124.46611097
3568,1124.46611097
3569,1124.46611097
3570,1124.46611097
3571,1124.46611097
3572,1124.46611097
3573,1124.46611097
3574,1124.46611097
3575,1124.46611097
3576,1124.46611097
3577,1124.46611097
3578,1124.46611097
3579,1124.46611097
3580,1124.46611097
3581,1124.46611097
3582,1124.46611097
3583,1124.46611097
3584,1124.46611097
3585,1124.46611097
3586,1124.46611097
3587,1124.46611097
3588,1124.46611097
3589,1124.46611097
3590,1124.46611097
3591,1124.46611097
3592,1124.46611097
3593,1124.46611097
3594,1124.46611097
3595,1124.45045895
3596,1124.45045895
3597,1124.45045895
3598,1124.45045895
3599,1124.45045895
3600,1124.45045895
3601,1124.45045895
3602,1124.45045895
3603,1124.45045895
3604,1124.45045895
3605,1124.45045895
3606,1124.45045895
3607,1124.45045895
3608,1124.45045895
3609,1124.45045895
3610,1124.45045895
3611,1124.45045895
3612,1124.45045895
3613,1124.45045895
3614,1124.45045895
3615,1124.45045895
3616,1124.45045895
3617,1124.45045895
3618,1124.45045895
3619,1124.45045895
3620,1124.45045895
3621,1124.45045895
3622,1124.45045895
3623,1124.45045895
3624,1124.45045895
3625,1124.45045895
3626,1124.45045895
3627,1124.45045895
3628,1124.45045895
3629,1124.45045895
3630,1124.45045895
3631,1124.45045895
3632,1124.45045895
3633,1124.45045895
3634,1124.45045895
3635,1124.45045895
3636,1124.45045895
3637,1124.45045895
3638,1124.45045895
3639,1124.45045895
3640,1124.45045895
3641,1124.45045895
3642,1124.45045895
3643,1124.45045597
3644,1124.45045597
3645,1124.45045597
3646,1124.45045597
3647,1124.45045597
3648,1124.45045597
3649,1124.45045597
3650,1124.45045597
3651,1124.45045597
3652,1124.45045597
3653,1124.45045597
3654,1124.45045597
3655,1124.45045597
3656,1124.45045597
3657,1124.45045597
3658,1124.45045597
3659,1124.45045597
3660,1124.45045597
3661,1124.45045597
3662,1124.45045597
3663,1124.45045597
3664,1124.45045597
3665,1124.45045597
3666,1124.45045597
3667,1124.45045597
3668,1124.45045597
3669,1124.45045597
3670,1124.45045597
3671,1124.45045597
3672,1124.45045597
3673,1124.45045597
3674,1124.45045597
3675,1124.45045597
3676,1124.45045597
3677,1124.45045597
3678,1124.45045597
3679,1124.45045597
3680,1124.45045597
3681,1124.45045597
3682,1124.45045597
3683,1124.45045597
3684,1124.45045597
3685,1124.45045597
3686,1124.45045597
3687,1124.45045597
3688,1124.45045597
3689,1124.45045597
3690,1124.45045597
3691,1124.45045597
3692,1124.45045597
3693,1124.45045597
3694,1124.45045288
3695,1124.45045288
3696,1124.45045288
3697,1124.45045288
3698,1124.45045288
3699,1124.45045288
3700,1124.45045288
3701,1124.45045288
3702,1124.45045288
3703,1124.45045288
3704,1124.45045288
3705,1124.4504496
3706,1124.4504496
3707,1124.4504496
3708,1124.4504496
3709,1124.4504496
3710,1124.4504496
3711,1124.4504496
3712,1124.4504496
3713,1124.4504496
3714,1124.4504496
3715,1124.4504496
3716,1124.4504496
3717,1124.4504496
3718,1124.4504496
3719,1124.4504496
3720,1124.4504496
3721,1124.4504496
3722,1124.4504496
3723,1124.4504496
3724,1124.4504496
3725,1124.4504496
3726,1124.4504496
3727,1124.4504496
3728,1124.4504496
3729,1124.4504496
3730,1124.4504496
3731,1124.4504496
3732,1124.4504496
3733,1124.4504496
3734,1124.4504496
3735,1124.4504496
3736,1124.4504496
3737,1124.4504496
3738,1124.4504496
3739,1124.4504496
3740,1124.4504496
3741,1124.4504496
3742,1124.4504496
3743,1124.4504496
3744,1124.4504496
3745,1124.4504496
3746,1124.4504496
3747,1124.4504496
3748,1124.4504496
3749,1124.4504496
3750,1124.4504496
3751,1124.4504496
3752,1124.4504496
3753,1124.4504496
3754,1124.4504496
3755,1124.4504496
3756,1124.4504496
3757,1124.4504496
3758,1124.4504496
3759,1124.4504496
3760,1124.4504496
3761,1124.4504496
3762,1124.4504496
3763,1124.4504496
3764,1124.4504496
3765,1124.4504496
3766,1124.4504496
3767,1124.4504496
3768,1124.4504496
3769,1124.4504496
3770,1124.4504496
3771,1124.4504496
3772,1124.4504496
3773,1124.4504496
3774,1124.4504496
3775,1124.4504496
3776,1124.4504496
3777,1124.4504496
3778,1124.4504496
3779,1124.4504496
3780,1124.4504496
3781,1124.4504496
3782,1124.4504496
3783,1124.4504496
3784,1124.4504496
3785,1124.4504496
3786,1124.4504496
3787,1124.4504496
3788,1124.4504496
3789,1124.4504496
3790,1124.4504496
3791,1124.4504496
3792,1124.4504496
3793,1124.4504496
3794,1124.4504496
3795,1124.4504496
3796,1124.4504496
3797,1124.4504496
3798,1124.4504496
3799,1124.4504496
3800,1124.4504496
3801,1124.4504496
3802,1124.4504496
3803,1124.4504496
3804,1124.4504496
3805,1124.4504496
3806,1124.4504496
3807,1124.4504496
3808,1124.4504496
3809,1124.4504496
3810,1124.4504496
3811,1124.4504496
3812,1124.4504496
3813,1124.4504496
3814,1124.4504496
3815,1124.4504496
3816,1124.4504496
3817,1124.4504496
3818,1124.4504496
3819,1124.4504496
3820,1124.4504496
3821,1124.4504496
3822,1124.4504496
3823,1124.4504496
3824,1124.4504496
3825,1124.4504496
3826,1124.4504496
3827,1124.4504496
3828,1124.4504496
3829,1124.4504496
3830,1124.4504496
3831,1124.4504496
3832,1124.4504496
3833,1124.4504496
3834,1124.4504496
3835,1124.4504496
3836,1124.4504496
3837,1124.4504496
3838,1124.4504496
3839,1124.4504496
3840,1124.4504496
3841,1124.4504496
3842,1124.4504496
3843,1124.4504496
3844,1124.4504496
3845,1124.4504496
3846,1124.4504496
3847,1124.4504496
3848,1124.4504496
3849,1124.4504496
3850,1124.4504496
3851,1124.4504496
3852,1124.4504496
3853,1124.4504496
3854,1124.4504496
3855,1124.4504496
3856,1124.4504496
3857,1124.4504496
3858,1124.4504496
3859,1124.4504496
3860,1124.4504496
3861,1124.4504496
3862,1124.4504496
3863,1124.4504496
3864,1124.4504496
3865,1124.4504496
3866,1124.4504496
3867,1124.4504496
3868,1124.4504496
3869,1124.4504496
3870,1124.4504496
3871,1124.4504496
3872,1124.4504496
3873,1124.4504496
3874,1124.4504496
3875,1124.4504496
3876,1124.4504496
3877,1124.4504496
3878,1124.4504496
3879,1124.4504496
3880,1124.4504496
3881,1124.4504496
3882,1124.4504496
3883,1124.4504496
3884,1124.4504496
3885,1124.4504496
3886,1124.4504496
3887,1124.4504496
3888,1124.4504496
3889,1124.4504496
3890,1124.4504496
3891,1124.4504496
3892,1124.4504496
3893,1124.4504496
3894,1124.4504496
3895,1124.4504496
3896,1124.4504434
3897,1124.4504434
3898,1124.4504434
3899,1124.4504434
3900,1124.4504434
3901,1124.4504434
3902,1124.4504434
3903,1124.4504434
3904,1124.4504434
3905,1124.4504434
3906,1124.4504434
3907,1124.4504434
3908,1124.4504434
3909,1124.4504434
3910,1124.4504434
3911,1124.4504434
3912,1124.4504434
3913,1124.4504434
3914,1124.4504434
3915,1123.59035547
3916,1123.59035547
3917,1123.59035547
3918,1123.59035547
3919,1123.59035547
3920,1123.59035547
3921,1123.59035547
3922,1123.59035547
3923,1123.59035547
3924,1123.59035547
3925,1123.59035547
3926,1123.59035547
3927,1123.59035547
3928,1123.59035547
3929,1123.59035547
3930,1123.59035547
3931,1123.59035547
3932,1123.59035547
3933,1123.59035547
3934,1123.59035547
3935,1123.59035547
3936,1123.59035547
3937,1123.59035547
3938,1123.59035547
3939,1123.59035547
3940,1123.59035547
3941,1123.59035547
3942,1123.59035272
3943,1123.59035272
3944,1123.59035272
3945,1123.59035272
3946,1123.59034402
3947,1123.59034402
3948,1123.59034402
3949,1123.59034402
3950,1123.59034402
3951,1123.59034402
3952,1123.59034402
3953,1123.59034402
3954,1123.59034402
3955,1123.59034402
3956,1123.59034402
3957,1123.59034402
3958,1123.59034402
3959,1123.59034402
3960,1123.59034402
3961,1123.59034402
3962,1123.59034402
3963,1123.59034402
3964,1123.59034402
3965,1123.59034402
3966,1123.59034402
3967,1123.59034402
3968,1123.59034402
3969,1123.59034402
3970,1123.59034402
3971,1123.59034402
3972,1123.59034402
3973,1123.59034402
3974,1123.59034402
3975,1123.59034402
3976,1123.59034402
3977,1123.59034402
3978,1123.59034402
3979,1123.59034402
3980,1123.59034402
3981,1123.59034402
3982,1123.59034402
3983,1123.59034402
3984,1123.59034402
3985,1123.59034402
3986,1123.59034402
3987,1123.59034402
3988,1123.59034402
3989,1123.59034402
3990,1123.59034402
3991,1123.59034402
3992,1123.59034402
3993,1123.59034402
3994,1123.59034402
3995,1123.59034402
3996,1123.59034402
3997,1123.59034402
3998,1123.59034402
3999,1123.59034402
4000,1123.59034402
4001,1123.59034402
4002,1123.59034402
4003,1123.59034402
4004,1123.59034402
4005,1123.59034402
4006,1123.59034402
4007,1123.59034402
4008,1123.59034402
4009,1123.59034402
4010,1123.59034402
4011,1123.59034402
4012,1123.59034402
4013,1123.59034402
4014,1123.59034402
4015,1123.59034402
4016,1123.59034402
4017,1123.59034402
4018,1123.59034402
4019,1123.59034402
4020,1123.59034402
4021,1123.59034402
4022,1123.59034402
4023,1123.59034402
4024,1123.59034402
4025,1123.59034402
4026,1123.59034402
4027,1123.59034402
4028,1123.59034402
4029,1123.59034402
4030,1123.59032291
4031,1123.59032291
4032,1123.59032291
4033,1123.59032291
4034,1123.59032291
4035,1123.59032291
4036,1123.59032291
4037,1123.59032291
4038,1123.59032291
4039,1123.59032291
4040,1123.59032291
4041,1123.59032291
4042,1123.59032291
4043,1123.59032291
4044,1123.59032291
4045,1123.59032291
4046,1123.59032291
4047,1123.59032291
4048,1123.59032291
4049,1123.59032291
4050,1123.59032291
4051,1123.59032291
4052,1123.59032291
4053,1123.59032291
4054,1123.59032291
4055,1123.59032291
4056,1123.59032291
4057,1123.59032291
4058,1123.59032291
4059,1123.59032291
4060,1123.59032291
4061,1123.59032291
4062,1123.59032291
4063,1123.59032291
4064,1123.59032291
4065,1123.59032291
4066,1123.59032291
4067,1123.59032291
4068,1123.59032291
4069,1123.59032291
4070,1123.59032291
4071,1123.59032291
4072,1123.59032291
4073,1123.59032291
4074,1123.59032291
4075,1123.59032291
4076,1123.59032291
4077,1123.59032291
4078,1123.59032291
4079,1123.59032291
4080,1123.59032291
4081,1123.59032291
4082,1123.59032291
4083,1123.59032291
4084,1123.59032291
4085,1123.59032291
4086,1123.59032291
4087,1123.59032291
4088,1123.59032291
4089,1123.59032291
4090,1123.59032291
4091,1123.59032291
4092,1123.59032291
4093,1123.59032291
4094,1123.59032291
4095,1123.59032291
4096,1123.59032291
4097,1123.59032291
4098,1123.59032291
4099,1123.59032291
4100,1123.59032291
4101,1123.59029446
4102,1123.59029446
4103,1123.59029446
4104,1123.59029446
4105,1123.59029446
4106,1123.59029446
4107,1123.59029446
4108,1123.59029446
4109,1123.59029446
4110,1123.59029446
4111,1123.59029446
4112,1123.59029446
4113,1123.59029446
4114,1123.59029446
4115,1123.59029446
4116,1123.59029446
4117,1123.59029446
4118,1123.59029446
4119,1123.59029446
4120,1123.59029446
4121,1123.59029446
4122,1123.59023393
4123,1123.59023393
4124,1123.59023393
4125,1123.59023393
4126,1123.59023393
4127,1123.59023393
4128,1123.59023393
4129,1123.59023393
4130,1123.59023393
4131,1123.59023393
4132,1123.59023393
4133,1123.59023393
4134,1123.59023393
4135,1123.59023393
4136,1122.98387714
4137,1122.98387714
4138,1122.98387714
4139,1122.98387714
4140,1122.98387714
4141,1122.98387714
4142,1122.98387714
4143,1122.98387714
4144,1122.98387714
4145,1122.98387714
4146,1122.98387714
4147,1122.98387714
4148,1122.98387714
4149,1122.98387714
4150,1122.98387714
4151,1122.98387714
4152,1122.98387714
4153,1122.98387714
4154,1122.98387714
4155,1122.98387714
4156,1122.98387714
4157,1122.98387714
4158,1122.98387714
4159,1122.98387714
4160,1122.98387714
4161,1122.98378839
4162,1122.98378839
4163,1122.98378839
4164,1122.98378839
4165,1122.98378839
4166,1122.98378839
4167,1122.98378839
4168,1122.98378839
4169,1122.98378839
4170,1122.98378839
4171,1122.98378839
4172,1122.98378839
4173,1122.98378839
4174,1122.98378839
4175,1122.98378839
4176,1122.98378839
4177,1122.98378839
4178,1122.98378839
4179,1122.98378839
4180,1122.98378839
4181,1122.98378839
4182,1122.98378839
4183,1122.98378839
4184,1122.98378839
4185,1122.98378839
4186,1122.98378839
4187,1122.98378839
4188,1122.98378839
4189,1122.98378839
4190,1122.98378839
4191,1122.98378839
4192,1122.98378839
4193,1122.98378839
4194,1122.98378839
4195,1122.98378839
4196,1122.98378839
4197,1122.98378839
4198,1122.98378839
4199,1122.98378839
4200,1122.98378839
4201,1122.98378839
4202,1122.98378839
4203,1122.98378839
4204,1122.98378839
4205,1122.98378839
4206,1122.98378839
4207,1122.98378839
4208,1122.98378839
4209,1122.98378839
4210,1122.98378839
4211,1122.98378839
4212,1122.98378839
4213,1122.98378839
4214,1122.98378839
4215,1122.98378839
4216,1122.98378839
4217,1122.98378839
4218,1122.98378839
4219,1122.98378839
4220,1122.98378839
4221,1122.98378839
4222,1122.98378839
4223,1122.98378839
4224,1122.98378839
4225,1122.98378839
4226,1122.98378839
4227,1122.98378839
4228,1122.98378839
4229,1122.98378839
4230,1122.98378839
4231,1122.98378839
4232,1122.98378839
4233,1122.98378839
4234,1122.98378839
4235,1122.98378839
4236,1122.98378839
4237,1122.98378839
4238,1122.98378839
4239,1122.98378839
4240,1122.98378839
4241,1122.98378839
4242,1122.98378839
4243,1122.98378839
4244,1122.98378839
4245,1122.98378839
4246,1122.98378839
4247,1122.98378839
4248,1122.98378839
4249,1122.98378839
4250,1122.98378839
4251,1122.98378839
4252,1122.98378839
4253,1122.98378839
4254,1122.98378839
4255,1122.98378839
4256,1122.98378839
4257,1122.98378839
4258,1122.98378839
4259,1122.98378839
4260,1122.98378839
4261,1122.98378839
4262,1122.98378839
4263,1122.98378839
4264,1122.98378839
4265,1122.98378839
4266,1122.98378839
4267,1122.98378839
4268,1122.98378839
4269,1122.98378839
4270,1122.98378839
4271,1122.98378839
4272,1122.98378839
4273,1122.98378839
4274,1122.98378839
4275,1122.98378839
4276,1122.98378839
4277,1122.98378839
4278,1122.98378839
4279,1122.98378839
4280,1122.98378839
4281,1122.98378839
4282,1122.98378839
4283,1122.98378839
4284,1122.98378839
4285,1122.98378839
4286,1122.98378839
4287,1122.98378839
4288,1122.98378839
4289,1122.98378839
4290,1122.98378839
4291,1122.98378839
4292,1122.98376102
4293,1122.98376102
4294,1122.98376102
4295,1122.98376102
4296,1122.98376102
4297,1122.98376102
4298,1122.98376102
4299,1122.98376102
4300,1122.98376102
4301,1122.98376102
4302,1122.98376102
4303,1122.98376102
4304,1122.98376102
4305,1122.98376102
4306,1122.98376102
4307,1122.98376102
4308,1122.98376102
4309,1122.98376102
4310,1122.98376102
4311,1122.98376102
4312,1122.98376102
4313,1122.98376102
4314,1122.98376102
4315,1122.98376102
4316,1122.98376102
4317,1122.98376102
4318,1122.98376102
4319,1122.98376102
4320,1122.98376102
4321,1122.98361079
4322,1122.98361079
4323,1122.98361079
4324,1122.98361079
4325,1122.98361079
4326,1122.98361079
4327,1122.98361079
4328,1122.98361079
4329,1122.98361079
4330,1122.98361079
4331,1122.98361079
4332,1122.98361079
4333,1122.98361079
4334,1122.98361079
4335,1122.98361079
4336,1122.98361079
4337,1122.98361079
4338,1122.98361079
4339,1122.98361079
4340,1122.98361079
4341,1122.98361079
4342,1122.98361079
4343,1122.98361079
4344,1122.98361079
4345,1122.98361079
4346,1122.98361079
4347,1122.98361079
4348,1122.98361079
4349,1122.98361079
4350,1122.98361079
4351,1122.98361079
4352,1122.98361079
4353,1122.98361079
4354,1122.98361079
4355,1122.98361079
4356,1122.98361079
4357,1122.98361079
4358,1122.98361079
4359,1122.98361079
4360,1122.98361079
4361,1122.98361079
4362,1122.98361079
4363,1122.98361079
4364,1122.98361079
4365,1122.98361079
4366,1122.98361079
4367,1122.98361079
4368,1122.98361079
4369,1122.98361079
4370,1122.98361079
4371,1122.98361079
4372,1122.98361079
4373,1122.98361079
4374,1122.98361079
4375,1122.98361079
4376,1122.98361079
4377,1122.98361079
4378,1122.98361079
4379,1122.98361079
4380,1122.98361079
4381,1122.98361079
4382,1122.98361079
4383,1122.98361079
4384,1122.98361079
4385,1122.98361079
4386,1122.98361079
4387,1122.98361079
4388,1122.98361079
4389,1122.98361079
4390,1122.98361079
4391,1122.98361079
4392,1122.98361079
4393,1122.98361079
4394,1122.98361079
4395,1122.98361079
4396,1122.98361079
4397,1122.98361079
4398,1122.98361079
4399,1122.98361079
4400,1122.98361079
4401,1122.98361079
4402,1122.98361079
4403,1122.98361079
4404,1122.98361079
4405,1122.98361079
4406,1122.98361079
4407,1122.98361079
4408,1122.98361079
4409,1122.98361079
4410,1122.98361079
4411,1122.98361079
4412,1122.98361079
4413,1122.98361079
4414,1122.98361079
4415,1122.98361079
4416,1122.98361079
4417,1122.98361079
4418,1122.98361079
4419,1122.98361079
4420,1122.98361079
4421,1122.98361079
4422,1122.98361079
4423,1122.98361079
4424,1122.98361079
4425,1122.98361079
4426,1122.98361079
4427,1122.98361079
4428,1122.98361079
4429,1122.98361079
4430,1122.98361079
4431,1122.98361079
4432,1122.9835575
4433,1122.9835575
4434,1122.9835575
4435,1122.9835575
4436,1122.9835575
4437,1122.9835575
4438,1122.9835575
4439,1122.9835575
4440,1122.95127025
4441,1122.95127025
4442,1122.95127025
4443,1122.95127025
4444,1122.95127025
4445,1122.95127025
4446,1122.95127025
4447,1122.95127025
4448,1122.95127025
4449,1122.95127025
4450,1122.95127025
4451,1122.95127025
4452,1122.95127025
4453,1122.95127025
4454,1122.95127025
4455,1122.95127025
4456,1122.95127025
4457,1122.95127025
4458,1122.95127025
4459,1122.95127025
4460,1122.95127025
4461,1122.95127025
4462,1122.95127025
4463,1122.95127025
4464,1122.95127025
4465,1122.95127025
4466,1122.95127025
4467,1122.95127025
4468,1122.95127025
4469,1122.95127025
4470,1122.95127025
4471,1122.95127025
4472,1122.95127025
4473,1122.95127025
4474,1122.95127025
4475,1122.95127025
4476,1122.95127025
4477,1122.95127025
4478,1122.95127025
4479,1122.95127025
4480,1122.95127025
4481,1122.95127025
4482,1122.95127025
4483,1122.95127025
4484,1122.95127025
4485,1122.95127025
4486,1122.95127025
4487,1122.95127025
4488,1122.95127025
4489,1122.95127025
4490,1122.95127025
4491,1122.95127025
4492,1122.95127025
4493,1122.95127025
4494,1122.95127025
4495,1122.95127025
4496,1122.95127025
4497,1122.95127025
4498,1122.95127025
4499,1122.95127025
4500,1122.95127025
4501,1122.95127025
4502,1122.95127025
4503,1122.95127025
4504,1122.95127025
4505,1122.95127025
4506,1122.95127025
4507,1122.95127025
4508,1122.95127025
4509,1122.95127025
4510,1122.95127025
4511,1122.95127025
4512,1122.95127025
4513,1122.95127025
4514,1122.95127025
4515,1122.95127025
4516,1122.95127025
4517,1122.95127025
4518,1122.95127025
4519,1122.95127025
4520,1122.95127025
4521,1122.95127025
4522,1122.95127025
4523,1122.95127025
4524,1122.95127025
4525,1122.95127025
4526,1122.95127025
4527,1122.95127025
4528,1122.95127025
4529,1122.95127025
4530,1122.95127025
4531,1122.95127025
4532,1122.95127025
4533,1122.95127025
4534,1122.95127025
4535,1122.95127025
4536,1122.95127025
4537,1122.95127025
4538,1122.95127025
4539,1122.95127025
4540,1122.95127025
4541,1122.95127025
4542,1122.95127025
4543,1122.95127025
4544,1122.95127025
4545,1122.95121701
4546,1122.95121701
4547,1122.95121701
4548,1122.95121701
4549,1122.95121701
4550,1122.95109366
4551,1122.95109366
4552,1122.95109366
4553,1122.95109366
4554,1122.95109366
4555,1122.95109366
4556,1122.95109366
4557,1122.95109366
4558,1122.95109366
4559,1122.95109366
4560,1122.95109366
4561,1122.95109366
4562,1122.95109366
4563,1122.95109366
4564,1122.95109366
4565,1122.95109366
4566,1122.95109366
4567,1122.95109366
4568,1122.95109366
4569,1122.95109366
4570,1122.95109366
4571,1122.95109366
4572,1122.95109366
4573,1122.95109366
4574,1122.95109366
4575,1122.95109366
4576,1122.95109366
4577,1122.95109366
4578,1122.95109366
4579,1122.95109366
4580,1122.95109366
4581,1122.95109366
4582,1122.95109366
4583,1122.95109366
4584,1122.95109366
4585,1122.95109366
4586,1122.95109366
4587,1122.95109366
4588,1122.95109366
4589,1122.95109366
4590,1122.95109366
4591,1122.95109366
4592,1122.95109366
4593,1122.95109366
4594,1122.95109366
4595,1122.95109366
4596,1122.95109366
4597,1122.95109366
4598,1122.95109366
4599,1122.95109366
4600,1122.95109366
4601,1122.95109366
4602,1122.95109366
4603,1122.95109366
4604,1122.95109366
4605,1122.95109366
4606,1122.95109366
4607,1122.95109366
4608,1122.95109366
4609,1122.95109366
4610,1122.95109366
4611,1122.95109366
4612,1122.95109366
4613,1122.95109366
4614,1122.95109366
4615,1122.95109366
4616,1122.95109366
4617,1122.95109366
4618,1122.95109366
4619,1122.95109366
4620,1122.95109366
4621,1122.95109366
4622,1122.95109366
4623,1122.95109366
4624,1122.95109366
4625,1122.95109366
4626,1122.95109366
4627,1122.95109366
4628,1122.95109366
4629,1122.95109366
4630,1122.95109366
4631,1122.95109366
4632,1122.95109366
4633,1122.95109366
4634,1122.95109366
4635,1122.95109366
4636,1122.95109366
4637,1122.95109366
4638,1122.95109366
4639,1122.95109366
4640,1122.95109366
4641,1122.95109366
4642,1122.95109366
4643,1122.95109366
4644,1122.95109366
4645,1122.95109366
4646,1122.95109366
4647,1122.95109366
4648,1122.95109366
4649,1122.95109366
4650,1122.95109366
4651,1122.95109366
4652,1122.95109366
4653,1122.95109366
4654,1122.95109366
4655,1122.95109366
4656,1122.95109366
4657,1122.95109366
4658,1122.95109366
4659,1122.95109366
4660,1122.95109366
4661,1122.95109366
4662,1122.95109366
4663,1122.95109366
4664,1122.95109366
4665,1122.95109366
4666,1122.95109366
4667,1122.95109366
4668,1122.95109366
4669,1122.95109366
4670,1122.95109366
4671,1122.95109366
4672,1122.95109366
4673,1122.95109366
4674,1122.95109366
4675,1122.95109366
4676,1122.95109366
4677,1122.95109366
4678,1122.95109366
4679,1122.95074149
4680,1122.95074149
4681,1122.95074149
4682,1122.95074149
4683,1122.95074149
4684,1122.95074149
4685,1122.95074149
4686,1122.95074149
4687,1122.95074149
4688,1122.95074149
4689,1122.95074149
4690,1122.95074149
4691,1122.95074149
4692,1122.95074149
4693,1122.95074149
4694,1122.95074149
4695,1122.95074149
4696,1122.95074149
4697,1122.95074149
4698,1122.95074149
4699,1122.95074149
4700,1122.95074149
4701,1122.95074149
4702,1122.95074149
4703,1122.95074149
4704,1122.95074149
4705,1122.95074149
4706,1122.95074149
4707,1122.95074149
4708,1122.95074149
4709,1122.95074149
4710,1122.95074149
4711,1122.95074149
4712,1122.95074149
4713,1122.95074149
4714,1122.95074149
4715,1122.95074149
4716,1122.95074149
4717,1122.95074149
4718,1122.95074149
4719,1122.95074149
4720,1122.95074149
4721,1122.95074149
4722,1122.95074149
4723,1122.95074149
4724,1122.95074149
4725,1122.95074149
4726,1122.95074149
4727,1122.95074149
4728,1122.95074149
4729,1122.95074149
4730,1122.95074149
4731,1122.95074149
4732,1122.95074149
4733,1122.95074149
4734,1122.95074149
4735,1122.95074149
4736,1122.95074149
4737,1122.95074149
4738,1122.95074149
4739,1122.95074149
4740,1122.95074149
4741,1122.95074149
4742,1122.95074149
4743,1122.95074149
4744,1122.95074149
4745,1122.95074149
4746,1122.95074149
4747,1122.95074149
4748,1122.95074149
4749,1122.95074149
4750,1122.95074149
4751,1122.95074149
4752,1122.95074149
4753,1122.95074149
4754,1122.95074149
4755,1122.95074149
4756,1122.95074149
4757,1122.95074149
4758,1122.95074149
4759,1122.95074149
4760,1122.95074149
4761,1122.95074149
4762,1122.95074149
4763,1122.95074149
4764,1122.95074149
4765,1122.95074149
4766,1122.95074149
4767,1122.95074149
4768,1122.95074149
4769,1122.95074149
4770,1122.95074149
4771,1122.95074149
4772,1122.95074149
4773,1122.95074149
4774,1122.95074149
4775,1122.95074149
4776,1122.95074149
4777,1122.95074149
4778,1122.95074149
4779,1122.95074149
4780,1122.95074149
4781,1122.95074149
4782,1122.95074149
4783,1122.95074149
4784,1122.95074149
4785,1122.95074149
4786,1122.95074149
4787,1122.95074149
4788,1122.95074149
4789,1122.95074149
4790,1122.95074149
4791,1122.95074149
4792,1122.95074149
4793,1122.95074149
4794,1122.95074149
4795,1122.95074149
4796,1122.95074149
4797,1122.95074149
4798,1122.95074149
4799,1122.95074149
4800,1122.95074149
4801,1122.95074149
4802,1122.95074149
4803,1122.95074149
4804,1122.95074149
4805,1122.95074149
4806,1122.95074149
4807,1122.95074149
4808,1122.95074149
4809,1122.94989618
4810,1122.94989618
4811,1122.94989618
4812,1122.94989618
4813,1122.94989618
4814,1122.94989618
4815,1122.94989618
4816,1122.94989618
4817,1122.94989618
4818,1122.94989618
4819,1122.94989618
4820,1122.94989618
4821,1122.94989618
4822,1122.94989618
4823,1122.94989618
4824,1122.94989618
4825,1122.94989618
4826,1122.94989618
4827,1122.94989618
4828,1122.94989618
4829,1122.94989618
4830,1122.94989618
4831,1122.94989618
4832,1122.94989618
4833,1122.94989618
4834,1122.94989618
4835,1122.94989618
4836,1122.94989618
4837,1122.94989618
4838,1122.94989618
4839,1122.94989618
4840,1122.94989618
4841,1122.94989618
4842,1122.94989618
4843,1122.94989618
4844,1122.94989618
4845,1122.94989618
4846,1122.94989618
4847,1122.94989618
4848,1122.94989618
4849,1122.94989618
4850,1122.94989618
4851,1122.94989618
4852,1122.94989618
4853,1122.94989618
4854,1122.94989618
4855,1122.94989618
4856,1122.94989618
4857,1122.94989618
4858,1122.94989618
4859,1122.94989618
4860,1122.94989618
4861,1122.94989618
4862,1122.94989618
4863,1122.94989618
4864,1122.94989618
4865,1122.94989618
4866,1122.94989618
4867,1122.94989618
4868,1122.94989618
4869,1122.94989618
4870,1122.94989618
4871,1122.94989618
4872,1122.94989618
4873,1122.94989618
4874,1122.94989618
4875,1122.94989618
4876,1122.94989618
4877,1122.94989618
4878,1122.94989618
4879,1122.94989618
4880,1122.94989618
4881,1122.94989618
4882,1122.94989618
4883,1122.94989618
4884,1122.88396447
4885,1122.88396447
4886,1122.88396447
4887,1122.88396447
4888,1122.88396447
4889,1122.88396447
4890,1122.88396447
4891,1122.88396447
4892,1122.88396447
4893,1122.88396447
4894,1122.88396447
4895,1122.88396447
4896,1122.88396447
4897,1122.88396447
4898,1122.88396447
4899,1122.88396447
4900,1122.88396447
4901,1122.88396447
4902,1122.88396447
4903,1122.88396447
4904,1122.88396447
4905,1122.88396447
4906,1122.88396447
4907,1122.88396447
4908,1122.88396447
4909,1122.88396447
4910,1122.88396447
4911,1122.88396447
4912,1122.88396447
4913,1122.88396447
4914,1122.88396447
4915,1122.88396447
4916,1122.88396447
4917,1122.88396447
4918,1122.88396447
4919,1122.88396447
4920,1122.88396447
4921,1122.88396447
4922,1122.88396447
4923,1122.88396447
4924,1122.88396447
4925,1122.88396447
4926,1122.88395257
4927,1122.88395257
4928,1122.88395257
4929,1122.88395257
4930,1122.88395257
4931,1122.88395257
4932,1122.88395257
4933,1122.88395257
4934,1122.88395257
4935,1122.88395257
4936,1122.88395257
4937,1122.88395257
4938,1122.88395257
4939,1122.88395257
4940,1122.88395257
4941,1122.88395257
4942,1122.88395257
4943,1122.88395257
4944,1122.88395257
4945,1122.88395257
4946,1122.88395257
4947,1122.88395257
4948,1122.88395257
4949,1122.88395257
4950,1122.88395257
4951,1122.88395257
4952,1122.88395257
4953,1122.88395257
4954,1122.88395257
4955,1122.88395257
4956,1122.88395257
4957,1122.88343045
4958,1122.88343045
4959,1122.88343045
4960,1122.88343045
4961,1122.88343045
4962,1122.88343045
4963,1122.88343045
4964,1122.88343045
4965,1122.88343045
4966,1122.88343045
4967,1122.88343045
4968,1122.88343045
4969,1122.88343045
4970,1122.88343045
4971,1122.88343045
4972,1122.88343045
4973,1122.88343045
4974,1122.88343045
4975,1122.88343045
4976,1122.88343045
4977,1122.88343045
4978,1122.88343045
4979,1122.88343045
4980,1122.88258131
4981,1122.88258131
4982,1122.88258131
4983,1122.88258131
4984,1122.88258131
4985,1122.88258131
4986,1122.88258131
4987,1122.88258131
4988,1122.88258131
4989,1122.88258131
4990,1122.88258131
4991,1122.88258131
4992,1122.88258131
4993,1122.88258131
4994,1122.88258131
4995,1122.88258131
4996,1122.88258131
4997,1122.88258131
4998,1122.88258131
4999,1122.88258131
5000,1122.88258131
5001,1122.88258131
5002,1122.88258131
5003,1122.88258131
5004,1122.88258131
5005,1122.88258131
5006,1122.88258131
5007,1122.88258131
5008,1122.88258131
5009,1122.88258131
5010,1122.88258131
5011,1122.88258131
5012,1122.88258131
5013,1122.88258131
5014,1122.88258131
5015,1122.88258131
5016,1122.88258131
5017,1122.88258131
5018,1122.88258131
5019,1122.88258131
5020,1122.88258131
5021,1122.88258131
5022,1122.88258131
5023,1122.88201006
5024,1122.88201006
5025,1122.88201006
5026,1122.88201006
5027,1122.88201006
5028,1122.88201006
5029,1122.88201006
5030,1122.88201006
5031,1122.88201006
5032,1122.88201006
5033,1122.88201006
5034,1122.88201006
5035,1122.88201006
5036,1122.88201006
5037,1122.88201006
5038,1122.88201006
5039,1122.88201006
5040,1122.88201006
5041,1122.88201006
5042,1122.88201006
5043,1122.88201006
5044,1122.88201006
5045,1122.88201006
5046,1122.88201006
5047,1122.88201006
5048,1122.88201006
5049,1122.88201006
5050,1122.88201006
5051,1122.88201006
5052,1122.88201006
5053,1122.88201006
5054,1122.88201006
5055,1122.88201006
5056,1122.88201006
5057,1122.88201006
5058,1122.88201006
5059,1122.88201006
5060,1122.88201006
5061,1122.88201006
5062,1122.88201006
5063,1122.88201006
5064,1122.88201006
5065,1122.88201006
5066,1122.88201006
5067,1122.88201006
5068,1122.88201006
5069,1122.88201006
5070,1122.88201006
5071,1122.88201006
5072,1122.88201006
5073,1122.88201006
5074,1122.88201006
5075,1122.88201006
5076,1122.88201006
5077,1122.88201006
5078,1122.88201006
5079,1122.88201006
5080,1122.88201006
5081,1122.88201006
5082,1122.88201006
5083,1122.88201006
5084,1122.88201006
5085,1122.88201006
5086,1122.88201006
5087,1122.88201006
5088,1122.88201006
5089,1122.88201006
5090,1122.88201006
5091,1122.88201006
5092,1122.88201006
5093,1122.88201006
5094,1122.88201006
5095,1122.88201006
5096,1122.88201006
5097,1122.88201006
5098,1122.88201006
5099,1122.88201006
5100,1122.88201006
5101,1122.88201006
5102,1122.88201006
5103,1122.88201006
5104,1122.88201006
5105,1122.88201006
5106,1122.88201006
5107,1122.88201006
5108,1122.88201006
5109,1122.88201006
5110,1122.88201006
5111,1122.88201006
5112,1122.88201006
5113,1122.88201006
5114,1122.88201006
5115,1122.88201006
5116,1122.88201006
5117,1122.88201006
5118,1122.64728138
5119,1122.64728138
5120,1122.64728138
5121,1122.64728138
5122,1122.64728138
5123,1122.64728138
5124,1122.64728138
5125,1122.64728138
5126,1122.64728138
5127,1122.64728138
5128,1122.64728138
5129,1122.64728138
5130,1122.64648787
5131,1122.64648787
5132,1122.64648787
5133,1122.64648787
5134,1122.64648787
5135,1122.64648787
5136,1122.64648787
5137,1122.64648787
5138,1122.64648787
5139,1122.64648787
5140,1122.64648787
5141,1122.64648787
5142,1122.64648787
5143,1122.64648787
5144,1122.64648787
5145,1122.64648787
5146,1122.64648787
5147,1122.64648787
5148,1122.64648787
5149,1122.64648787
5150,1122.64648787
5151,1122.64648787
5152,1122.64648787
5153,1122.64648787
5154,1122.64648787
5155,1122.64648787
5156,1122.64648787
5157,1122.64648787
5158,1122.64648787
5159,1122.64648787
5160,1122.64648787
5161,1122.64648787
5162,1122.64648787
5163,1122.64648787
5164,1122.64648787
5165,1122.64648787
5166,1122.64648787
5167,1122.64648787
5168,1122.6455464
5169,1122.6455464
5170,1122.6455464
5171,1122.6455464
5172,1122.6455464
5173,1122.6455464
5174,1122.6455464
5175,1122.6455464
5176,1122.6455464
5177,1122.6455464
5178,1122.6455464
5179,1122.6455464
5180,1122.6455464
5181,1122.6455464
5182,1122.6455464
5183,1122.6455464
5184,1122.6455464
5185,1122.6455464
5186,1122.6455464
5187,1122.6455464
5188,1122.6455464
5189,1122.6455464
5190,1122.6455464
5191,1122.6455464
5192,1122.6455464
5193,1122.6455464
5194,1122.6455464
5195,1122.6455464
5196,1122.6455464
5197,1122.6455464
5198,1122.6455464
5199,1122.6455464
5200,1122.6455464
5201,1122.6455464
5202,1122.6455464
5203,1122.6455464
5204,1122.6455464
5205,1122.6455464
5206,1122.6455464
5207,1122.6455464
5208,1122.6455464
5209,1122.6455464
5210,1122.6455464
5211,1122.6455464
5212,1122.6455464
5213,1122.6455464
5214,1122.6455464
5215,1122.6455464
5216,1122.6455464
5217,1122.6455464
5218,1122.6455464
5219,1122.6455464
5220,1122.6455464
5221,1122.6455464
5222,1122.6455464
5223,1122.6455464
5224,1122.6455464
5225,1122.6455464
5226,1122.6455464
5227,1122.6455464
5228,1122.6455464
5229,1122.6455464
5230,1122.6455464
5231,1122.6455464
5232,1122.6455464
5233,1122.6455464
5234,1122.6455464
5235,1122.6455464
5236,1122.6455464
5237,1122.6455464
5238,1122.6455464
5239,1122.6455464
5240,1122.6455464
5241,1122.6455464
5242,1122.6455464
5243,1122.6455464
5244,1122.6455464
5245,1122.6455464
5246,1122.6455464
5247,1122.6455464
5248,1122.6455464
5249,1122.6455464
5250,1122.6455464
5251,1122.6455464
5252,1122.6455464
5253,1122.6455464
5254,1122.6455464
5255,1122.6455464
5256,1122.6455464
5257,1122.6455464
5258,1122.6455464
5259,1122.6455464
5260,1122.6455464
5261,1122.6455464
5262,1122.6455464
5263,1122.6455464
5264,1122.6455464
5265,1122.6455464
5266,1122.6455464
5267,1122.6455464
5268,1122.6455464
5269,1122.6455464
5270,1122.6455464
5271,1122.6455464
5272,1122.6455464
5273,1122.6455464
5274,1122.6455464
5275,1122.6455464
5276,1122.6455464
5277,1122.6455464
5278,1122.6455464
5279,1122.6455464
5280,1122.6455464
5281,1122.6455464
5282,1122.6455464
5283,1122.6455464
5284,1122.6455464
5285,1122.6455464
5286,1122.6455464
5287,1122.6455464
5288,1122.6455464
5289,1122.6455464
5290,1122.6455464
5291,1122.6455464
5292,1122.6455464
5293,1122.6455464
5294,1122.6455464
5295,1122.6455464
5296,1122.6455464
5297,1122.6455464
5298,1122.6455464
5299,1122.6420201
5300,1122.6420201
5301,1122.6420201
5302,1122.6420201
5303,1122.6420201
5304,1122.6420201
5305,1122.6420201
5306,1122.6420201
5307,1122.6420201
5308,1122.6420201
5309,1122.6420201
5310,1122.6420201
5311,1122.6420201
5312,1122.6420201
5313,1122.6420201
5314,1122.6420201
5315,1122.6420201
5316,1122.6420201
5317,1122.6420201
5318,1122.6420201
5319,1122.6420201
5320,1122.6420201
5321,1122.6420201
5322,1122.6420201
5323,1122.6420201
5324,1122.6420201
5325,1122.6420201
5326,1122.6420201
5327,1122.6420201
5328,1122.6420201
5329,1122.6420201
5330,1122.6420201
5331,1122.6420201
5332,1122.6420201
5333,1122.6420201
5334,1122.6420201
5335,1122.6420201
5336,1122.6420201
5337,1122.6420201
5338,1122.6420201
5339,1122.6420201
5340,1122.6420201
5341,1122.6420201
5342,1122.6420201
5343,1122.6420201
5344,1122.6420201
5345,1122.6420201
5346,1122.6420201
5347,1122.6420201
5348,1122.6420201
5349,1122.6420201
5350,1122.6420201
5351,1122.6420201
5352,1122.6420201
5353,1122.6420201
5354,1122.6420201
5355,1122.6420201
5356,1122.6420201
5357,1122.6420201
5358,1122.6420201
5359,1122.6420201
5360,1122.6420201
5361,1122.6420201
5362,1122.6420201
5363,1122.6420201
5364,1122.41159106
5365,1122.41159106
5366,1122.41159106
5367,1122.41159106
5368,1122.41159106
5369,1122.41159106
5370,1122.41159106
5371,1122.41159106
5372,1122.41159106
5373,1122.41159106
5374,1122.41159106
5375,1122.41159106
5376,1122.41159106
5377,1122.41159106
5378,1122.41159106
5379,1122.41159106
5380,1122.41159106
5381,1122.41159106
5382,1122.41159106
5383,1122.41159106
5384,1122.41159106
5385,1122.41159106
5386,1122.41159106
5387,1122.41159106
5388,1122.41159106
5389,1122.41159106
5390,1122.41159106
5391,1122.41159106
5392,1122.41159106
5393,1122.41159106
5394,1122.41159106
5395,1122.41159106
5396,1122.41159106
5397,1122.41159106
5398,1122.41159106
5399,1122.41159106
5400,1122.41159106
5401,1122.41159106
5402,1122.41159106
5403,1122.41159106
5404,1122.41159106
5405,1122.41159106
5406,1122.41159106
5407,1122.41159106
5408,1122.41159106
5409,1122.41159106
5410,1122.41159106
5411,1122.41159106
5412,1122.41159106
5413,1122.41159106
5414,1122.41159106
5415,1122.41159106
5416,1122.41159106
5417,1122.41159106
5418,1122.41159106
5419,1122.41159106
5420,1122.41159106
5421,1122.41159106
5422,1122.41159106
5423,1122.41159106
5424,1122.41159106
5425,1122.41159106
5426,1122.41159106
5427,1122.41159106
5428,1122.41159106
5429,1122.41159106
5430,1122.41159106
5431,1122.41159106
5432,1122.41159106
5433,1122.41159106
5434,1122.41159106
5435,1122.41159106
5436,1122.41159106
5437,1122.41159106
5438,1122.41159106
5439,1122.41159106
5440,1122.41159106
5441,1122.41159106
5442,1122.41159106
5443,1122.41159106
5444,1122.41159106
5445,1122.41159106
5446,1122.41159106
5447,1122.41159106
5448,1122.41159106
5449,1122.41159106
5450,1122.41159106
5451,1122.41159106
5452,1122.41159106
5453,1122.41159106
5454,1122.41159106
5455,1122.41159106
5456,1122.41159106
5457,1122.41159106
5458,1122.41159106
5459,1122.41159106
5460,1122.41159106
5461,1122.41159106
5462,1122.41159106
5463,1122.41159106
5464,1122.41159106
5465,1122.41159106
5466,1122.41159106
5467,1122.41159106
5468,1122.41159106
5469,1122.41159106
5470,1122.41159106
5471,1122.41159106
5472,1122.41159106
5473,1122.41159106
5474,1122.41159106
5475,1122.41159106
5476,1122.41159106
5477,1122.41159106
5478,1122.41159106
5479,1122.41159106
5480,1122.41159106
5481,1122.41159106
5482,1122.41159106
5483,1122.41159106
5484,1122.41159106
5485,1122.41159106
5486,1122.41159106
5487,1122.41159106
5488,1122.41159106
5489,1122.41159106
5490,1122.41159106
5491,1122.41159106
5492,1122.41159106
5493,1122.41159106
5494,1122.41159106
5495,1122.41159106
5496,1122.41159106
5497,1122.41159106
5498,1122.41159106
5499,1122.41159106
5500,1122.41159106
5501,1122.41159106
5502,1122.41159106
5503,1122.41159106
5504,1122.41159106
5505,1122.41159106
5506,1122.41159106
5507,1122.41159106
5508,1122.41159106
5509,1122.41159106
5510,1122.41159106
5511,1122.41159106
5512,1122.41159106
5513,1122.41159106
5514,1122.41159106
5515,1122.41159106
5516,1122.41159106
5517,1122.41159106
5518,1122.41159106
5519,1122.41159106
5520,1122.41159106
5521,1122.41159106
5522,1122.41159106
5523,1122.41159106
5524,1122.41159106
5525,1122.41159106
5526,1122.41159106
5527,1122.41159106
5528,1122.41159106
5529,1122.41159106
5530,1122.41159106
5531,1122.41159106
5532,1122.41159106
5533,1122.41159106
5534,1122.41159106
5535,1122.41159106
5536,1122.41159106
5537,1122.41159106
5538,1122.41159106
5539,1122.41159106
5540,1122.41159106
5541,1122.41159106
5542,1122.41159106
5543,1122.41159106
5544,1122.41159106
5545,1122.41159106
5546,1122.41159106
5547,1122.41159106
5548,1122.41159106
5549,1122.41159106
5550,1122.41159106
5551,1122.41159106
5552,1122.41159106
5553,1122.41159106
5554,1122.41159106
5555,1122.41159106
5556,1122.41159106
5557,1122.41159106
5558,1122.41159106
5559,1122.41159106
5560,1122.41159106
5561,1122.41159106
5562,1122.41159106
5563,1122.41159106
5564,1122.41159106
5565,1122.41159106
5566,1122.41159106
5567,1122.41159106
5568,1122.41159106
5569,1122.41159106
5570,1122.41159106
5571,1122.41159106
5572,1122.41159106
5573,1122.41159106
5574,1122.41159106
5575,1122.41159106
5576,1122.41159106
5577,1122.41159106
5578,1122.41159106
5579,1122.41159106
5580,1122.41159106
5581,1122.41159106
5582,1122.41159106
5583,1122.41159106
5584,1122.41159106
5585,1122.41159106
5586,1122.41159106
5587,1122.41159106
5588,1122.41159106
5589,1122.41159106
5590,1122.41159106
5591,1122.41159106
5592,1122.41159106
5593,1122.41159106
5594,1122.41159106
5595,1122.41159106
5596,1122.41159106
5597,1122.41159106
5598,1122.41159106
5599,1122.41159106
5600,1122.41159106
5601,1122.41159106
5602,1122.41159106
5603,1122.41159106
5604,1122.41159106
5605,1122.41159106
5606,1122.41159106
5607,1122.41159106
5608,1122.41159106
5609,1122.41159106
5610,1122.41159106
5611,1122.41159106
5612,1122.41159106
5613,1122.41159106
5614,1122.41159106
5615,1122.41159106
5616,1122.41159106
5617,1122.41159106
5618,1122.41159106
5619,1122.41159106
5620,1122.41159106
5621,1122.41159106
5622,1122.41159106
5623,1122.41159106
5624,1122.41159106
5625,1122.41159106
5626,1122.41159106
5627,1122.41159106
5628,1122.41159106
5629,1122.41159106
5630,1122.41159106
5631,1122.41159106
5632,1122.41159106
5633,1122.41159106
5634,1122.41159106
5635,1122.41159106
5636,1122.41159106
5637,1122.41159106
5638,1122.41159106
5639,1122.41159106
5640,1122.41159106
5641,1122.41159106
5642,1122.41159106
5643,1122.41159106
5644,1122.41144424
5645,1122.41144424
5646,1122.41144424
5647,1122.41144424
5648,1122.41144424
5649,1122.41144424
5650,1122.41144424
5651,1122.41144424
5652,1122.41144424
5653,1122.41144424
5654,1122.41144424
5655,1122.41144424
5656,1122.41144424
5657,1122.41144424
5658,1122.41144424
5659,1122.41144424
5660,1122.41144424
5661,1122.41144424
5662,1122.41144424
5663,1122.41144424
5664,1122.41144424
5665,1122.41144424
5666,1122.41144424
5667,1122.41144424
5668,1122.41144424
5669,1122.41144424
5670,1122.41144424
5671,1122.41144424
5672,1122.41144424
5673,1122.41144424
5674,1122.41144424
5675,1122.41144424
5676,1122.41144424
5677,1122.41144424
5678,1122.41144424
5679,1122.41144424
5680,1122.41144424
5681,1122.41144424
5682,1122.41144424
5683,1122.41144424
5684,1122.41144424
5685,1122.41144424
5686,1122.41144424
5687,1122.41144424
5688,1122.41144424
5689,1122.41144424
5690,1122.41144424
5691,1122.41144424
5692,1122.41144424
5693,1122.41144424
5694,1122.41144424
5695,1122.41144424
5696,1122.41144424
5697,1122.41144424
5698,1122.41144424
5699,1122.41144424
5700,1122.41144424
5701,1122.41144424
5702,1122.41144424
5703,1122.41144424
5704,1122.41144424
5705,1122.41144424
5706,1122.41144424
5707,1122.41144424
5708,1122.41144424
5709,1122.41144424
5710,1122.41144424
5711,1122.4100389
5712,1122.4100389
5713,1122.4100389
5714,1122.4100389
5715,1122.4100389
5716,1122.4100389
5717,1122.4100389
5718,1122.4100389
5719,1122.4100389
5720,1122.4100389
5721,1122.4100389
5722,1122.4100389
5723,1122.4100389
5724,1122.4100389
5725,1122.4100389
5726,1122.4100389
5727,1122.4100389
5728,1122.4100389
5729,1122.4100389
5730,1122.4100389
5731,1122.4100389
5732,1122.4100389
5733,1122.4100389
5734,1122.4100389
5735,1122.4100389
5736,1122.4100389
5737,1122.4100389
5738,1122.4100389
5739,1122.4100389
5740,1122.4100389
5741,1122.4100389
5742,1122.4100389
5743,1122.4100389
5744,1122.4100389
5745,1122.4100389
5746,1122.4100389
5747,1122.4100389
5748,1122.4100389
5749,1122.4100389
5750,1122.4100389
5751,1122.4100389
5752,1122.4100389
5753,1122.4100389
5754,1122.4100389
5755,1122.4100389
5756,1122.4100389
5757,1122.4100389
5758,1122.4100389
5759,1122.4100389
5760,1122.4100389
5761,1122.4100389
5762,1122.4100389
5763,1122.4100389
5764,1122.4100389
5765,1122.4100389
5766,1122.4100389
5767,1122.4100389
5768,1122.4100389
5769,1122.4100389
5770,1122.4100389
5771,1122.4100389
5772,1122.4100389
5773,1122.4100389
5774,1122.4100389
5775,1122.4100389
5776,1122.4100389
5777,1122.4100389
5778,1122.4100389
5779,1122.4100389
5780,1122.4100389
5781,1122.4100389
5782,1122.4100389
5783,1122.4100389
5784,1122.4100389
5785,1122.4100389
5786,1122.4100389
5787,1122.4100389
5788,1122.4100389
5789,1122.4100389
5790,1122.4100389
5791,1122.4100389
5792,1122.4100389
5793,1122.4100389
5794,1122.4100389
5795,1122.4100389
5796,1122.4100389
5797,1122.4100389
5798,1122.4100389
5799,1122.4100389
5800,1122.4100389
5801,1122.4100389
5802,1122.4100389
5803,1122.4100389
5804,1122.4100389
5805,1122.4100389
5806,1122.4100389
5807,1122.4100389
5808,1122.4100389
5809,1122.4100389
5810,1122.4100389
5811,1122.4100389
5812,1122.4100389
5813,1122.4100389
5814,1122.4100389
5815,1122.4100389
5816,1122.4100389
5817,1122.4100389
5818,1122.4100389
5819,1122.4100389
5820,1122.4100389
5821,1122.24810367
5822,1122.24810367
5823,1122.24810367
5824,1122.24810367
5825,1122.24810367
5826,1122.24810367
5827,1122.24810367
5828,1122.24810367
5829,1122.24810367
5830,1122.24810367
5831,1122.24810367
5832,1122.24810367
5833,1122.24810367
5834,1122.24810367
5835,1122.24810367
5836,1122.24810367
5837,1122.24810367
5838,1122.24810367
5839,1122.24810367
5840,1122.24810367
5841,1122.24810367
5842,1122.24810367
5843,1122.24810367
5844,1122.24810367
5845,1122.24810367
5846,1122.24810367
5847,1122.24810367
5848,1122.24810367
5849,1122.24810367
5850,1122.24810367
5851,1122.24810367
5852,1122.24810367
5853,1122.24810367
5854,1122.24810367
5855,1122.24810367
5856,1122.24810367
5857,1122.24810367
5858,1122.24810367
5859,1122.24810367
5860,1122.24810367
5861,1122.24810367
5862,1122.24810367
5863,1122.24810367
5864,1122.24810367
5865,1122.24810367
5866,1122.24810367
5867,1122.24810367
5868,1122.24810367
5869,1122.24810367
5870,1122.24810367
5871,1122.24810367
5872,1122.24810367
5873,1122.24810367
5874,1122.24810367
5875,1122.24810367
5876,1122.24810367
5877,1122.24810367
5878,1122.24810367
5879,1122.24810367
5880,1122.24810367
5881,1122.24810367
5882,1122.24810367
5883,1122.24810367
5884,1122.24810367
5885,1122.24810367
5886,1122.24810367
5887,1122.24810367
5888,1122.24810367
5889,1122.24810367
5890,1122.24810367
5891,1122.24810367
5892,1122.24810367
5893,1122.2445658
5894,1122.2445658
5895,1122.2445658
5896,1122.2445658
5897,1122.2445658
5898,1122.2445658
5899,1122.2445658
5900,1122.2445658
5901,1122.2445658
5902,1122.2445658
5903,1122.2445658
5904,1122.2445658
5905,1122.2445658
5906,1122.2445658
5907,1122.2445658
5908,1122.2445658
5909,1122.2445658
5910,1122.2445658
5911,1122.2445658
5912,1122.2445658
5913,1122.2445658
5914,1122.2445658
5915,1122.2445658
5916,1122.2445658
5917,1122.2445658
5918,1122.2445658
5919,1122.2445658
5920,1122.2445658
5921,1122.2445658
5922,1122.2445658
5923,1122.2445658
5924,1122.2445658
5925,1122.2445658
5926,1122.2445658
5927,1122.2445658
5928,1122.24394346
5929,1122.24394346
5930,1122.24394346
5931,1122.24394346
5932,1122.24394346
5933,1122.24394346
5934,1122.24394346
5935,1122.24394346
5936,1122.24394346
5937,1122.24394346
5938,1122.24394346
5939,1122.24394346
5940,1122.24394346
5941,1122.24394346
5942,1122.24394346
5943,1122.24394346
5944,1122.24394346
5945,1122.24394346
5946,1122.24394346
5947,1122.24394346
5948,1122.24394346
5949,1122.24394346
5950,1122.24394346
5951,1122.24394346
5952,1122.24394346
5953,1122.24394346
5954,1122.24394346
5955,1122.24394346
5956,1122.24394346
5957,1122.24394346
5958,1122.24394346
5959,1122.24394346
5960,1122.24394346
5961,1122.24394346
5962,1122.24394346
5963,1122.24394346
5964,1122.24394346
5965,1122.24394346
5966,1122.24394346
5967,1122.24394346
5968,1122.24394346
5969,1122.24394346
5970,1122.24394346
5971,1122.24394346
5972,1122.24394346
5973,1122.23951253
5974,1122.23951253
5975,1122.23951253
5976,1122.23951253
5977,1122.23951253
5978,1122.23951253
5979,1122.23951253
5980,1122.23951253
5981,1122.23951253
5982,1122.23951253
5983,1120.6846373
5984,1120.6846373
5985,1120.6846373
5986,1120.6846373
5987,1120.6846373
5988,1120.6846373
5989,1120.6846373
5990,1120.6846373
5991,1120.6846373
5992,1120.6846373
5993,1120.6846373
5994,1120.6846373
5995,1120.6846373
5996,1120.6846373
5997,1120.6846373
5998,1120.6846373
5999,1120.6846373
6000,1120.6846373
6001,1120.6846373
6002,1120.6846373
6003,1120.6846373
6004,1120.6846373
6005,1120.6846373
6006,1120.6846373
6007,1120.6846373
6008,1120.6846373
6009,1120.6846373
6010,1120.6846373
6011,1120.6846373
6012,1120.6846373
6013,1120.6846373
6014,1120.6846373
6015,1120.6846373
6016,1120.6846373
6017,1120.6846373
6018,1120.6846373
6019,1120.6846373
6020,1120.6846373
6021,1120.68019686
6022,1120.68019686
6023,1120.68019686
6024,1120.68019686
6025,1120.68019686
6026,1120.68019686
6027,1120.68019686
6028,1120.68019686
6029,1120.68019686
6030,1120.68019686
6031,1120.68019686
6032,1120.68019686
6033,1120.68019686
6034,1120.68019686
6035,1120.68019686
6036,1120.68019686
6037,1120.68019686
6038,1120.68019686
6039,1120.68019686
6040,1120.68019686
6041,1120.68019686
6042,1120.68019686
6043,1120.68019686
6044,1120.68019686
6045,1120.68019686
6046,1120.68019686
6047,1120.68019686
6048,1120.68019686
6049,1120.68019686
6050,1120.68019686
6051,1120.68019686
6052,1120.68019686
6053,1120.68019686
6054,1120.68019686
6055,1120.68019686
6056,1120.68019686
6057,1120.68019686
6058,1120.68019686
6059,1120.68019686
6060,1120.68019686
6061,1120.68019686
6062,1120.68019686
6063,1120.68019686
6064,1120.68019686
6065,1120.68019686
6066,1120.68019686
6067,1120.68019686
6068,1120.68019686
6069,1120.68019686
6070,1120.68019686
6071,1120.68019686
6072,1120.68019686
6073,1120.68019686
6074,1120.68019686
6075,1120.68019686
6076,1120.68019686
6077,1120.68019686
6078,1120.68019686
6079,1120.68019686
6080,1120.68019686
6081,1120.68019686
6082,1120.68019686
6083,1120.68019686
6084,1120.68019686
6085,1120.68019686
6086,1120.68019686
6087,1120.68019686
6088,1120.68019686
6089,1120.68019686
6090,1120.68019686
6091,1120.68019686
6092,1120.68019686
6093,1120.68019686
6094,1120.68019686
6095,1120.68019686
6096,1120.68019686
6097,1120.68019686
6098,1120.68019686
6099,1120.68019686
6100,1120.68019686
6101,1120.68019686
6102,1120.68019686
6103,1120.68019686
6104,1120.68019686
6105,1120.68019686
6106,1120.68019686
6107,1120.68019686
6108,1120.68019686
6109,1120.68019686
6110,1120.68019686
6111,1120.68019686
6112,1120.68019686
6113,1120.68019686
6114,1120.68019686
6115,1120.68019686
6116,1120.68019686
6117,1120.6596408
6118,1120.6596408
6119,1120.6596408
6120,1120.6596408
6121,1120.6596408
6122,1120.6596408
6123,1120.6596408
6124,1120.6596408
6125,1120.6596408
6126,1120.6596408
6127,1120.6596408
6128,1120.6596408
6129,1120.6596408
6130,1120.6596408
6131,1120.6596408
6132,1120.6596408
6133,1120.6596408
6134,1120.6596408
6135,1120.6596408
6136,1120.6596408
6137,1120.6596408
6138,1120.6596408
6139,1120.6596408
6140,1120.6596408
6141,1120.6596408
6142,1120.6596408
6143,1120.6596408
6144,1120.6596408
6145,1120.6596408
6146,1120.6596408
6147,1120.6596408
6148,1120.6596408
6149,1120.6596408
6150,1120.6596408
6151,1120.6596408
6152,1120.6596408
6153,1120.6596408
6154,1120.6596408
6155,1120.6596408
6156,1120.6596408
6157,1120.6596408
6158,1120.6596408
6159,1120.6596408
6160,1120.6596408
6161,1120.6596408
6162,1120.6596408
6163,1120.6596408
6164,1120.6596408
6165,1120.6596408
6166,1120.6596408
6167,1120.6596408
6168,1120.6596408
6169,1120.6596408
6170,1120.6596408
6171,1120.6596408
6172,1120.6596408
6173,1120.6596408
6174,1120.6596408
6175,1120.6596408
6176,1120.6596408
6177,1120.6596408
6178,1120.6596408
6179,1120.6596408
6180,1120.6596408
6181,1120.6596408
6182,1120.6596408
6183,1120.6596408
6184,1120.6596408
6185,1120.6596408
6186,1120.6596408
6187,1120.6596408
6188,1120.6596408
6189,1120.6596408
6190,1120.6596408
6191,1120.6596408
6192,1120.6596408
6193,1120.6596408
6194,1120.6596408
6195,1120.6596408
6196,1120.6596408
6197,1120.6596408
6198,1120.6596408
6199,1120.6596408
6200,1120.6596408
6201,1120.64168967
6202,1120.64168967
6203,1120.64168967
6204,1120.64168967
6205,1120.64168967
6206,1120.64168967
6207,1120.64168967
6208,1120.64168967
6209,1120.64168967
6210,1120.64168967
6211,1120.64168967
6212,1120.64168967
6213,1120.64168967
6214,1120.64168967
6215,1120.64168967
6216,1120.64168967
6217,1120.64168967
6218,1120.64168967
6219,1120.64168967
6220,1120.64168967
6221,1120.64168967
6222,1120.64168967
6223,1120.64168967
6224,1120.64168967
6225,1120.64168967
6226,1120.64168967
6227,1120.64168967
6228,1120.64168967
6229,1120.64168967
6230,1120.64168967
6231,1120.64168967
6232,1120.64168967
6233,1120.64168967
6234,1120.64168967
6235,1120.64168967
6236,1120.64168967
6237,1120.64168967
6238,1120.64168967
6239,1120.64168967
6240,1120.64168967
6241,1120.64168967
6242,1120.64168967
6243,1120.64168967
6244,1120.64168967
6245,1120.64168967
6246,1120.64168967
6247,1120.64168967
6248,1120.64168967
6249,1120.64168967
6250,1120.64168967
6251,1120.64168967
6252,1120.64168967
6253,1120.64168967
6254,1120.64168967
6255,1120.64168967
6256,1120.64168967
6257,1120.64168967
6258,1120.64168967
6259,1120.64168967
6260,1120.64168967
6261,1120.64168967
6262,1120.64168967
6263,1120.64168967
6264,1120.64168967
6265,1120.64168967
6266,1120.64168967
6267,1120.64168967
6268,1120.64168967
6269,1120.64168967
6270,1120.64168967
6271,1120.64168967
6272,1120.64168967
6273,1120.64168967
6274,1120.64168967
6275,1120.64168967
6276,1120.64168967
6277,1120.64168967
6278,1120.64168967
6279,1120.64168967
6280,1120.64168967
6281,1120.64168967
6282,1120.64168967
6283,1120.64168967
6284,1120.64168967
6285,1120.64168967
6286,1120.64168967
6287,1120.64168967
6288,1120.64168967
6289,1120.64168967
6290,1120.64168967
6291,1120.64168967
6292,1120.64168967
6293,1120.60750164
6294,1120.60750164
6295,1120.60750164
6296,1120.60750164
6297,1120.60750164
6298,1120.60750164
6299,1120.60750164
6300,1120.60750164
6301,1120.60750164
6302,1120.60750164
6303,1120.56028271
6304,1120.56028271
6305,1120.56028271
6306,1120.56028271
6307,1120.56028271
6308,1120.56028271
6309,1120.56028271
6310,1120.56028271
6311,1120.56028271
6312,1120.56028271
6313,1120.56028271
6314,1120.56028271
6315,1120.56028271
6316,1120.56028271
6317,1120.56028271
6318,1120.56028271
6319,1120.56028271
6320,1120.56028271
6321,1120.56028271
6322,1120.56028271
6323,1120.56028271
6324,1120.56028271
6325,1120.56028271
6326,1120.56028271
6327,1120.56028271
6328,1120.56028271
6329,1120.56028271
6330,1120.56028271
6331,1120.56028271
6332,1120.56028271
6333,1120.56028271
6334,1120.56028271
6335,1120.56028271
6336,1120.56028271
6337,1120.56028271
6338,1120.56028271
6339,1120.56028271
6340,1120.56028271
6341,1120.56028271
6342,1120.56028271
6343,1120.56028271
6344,1120.56028271
6345,1120.56028271
6346,1120.56028271
6347,1120.56028271
6348,1120.56028271
6349,1120.56028271
6350,1120.56028271
6351,1120.56028271
6352,1120.56028271
6353,1120.56028271
6354,1120.56028271
6355,1120.56028271
6356,1120.56028271
6357,1120.56028271
6358,1120.56028271
6359,1120.56028271
6360,1120.56028271
6361,1120.56028271
6362,1120.56028271
6363,1120.56028271
6364,1120.56028271
6365,1120.56028271
6366,1120.56028271
6367,1120.56028271
6368,1120.56028271
6369,1120.56028271
6370,1120.56028271
6371,1120.56028271
6372,1120.56028271
6373,1120.56028271
6374,1120.56028271
6375,1120.56028271
6376,1120.56028271
6377,1120.56028271
6378,1120.56028271
6379,1120.56028271
6380,1120.56028271
6381,1120.56028271
6382,1120.56028271
6383,1120.56028271
6384,1120.56028271
6385,1120.56028271
6386,1120.56028271
6387,1120.56028271
6388,1120.56028271
6389,1120.56028271
6390,1120.56028271
6391,1120.56028271
6392,1120.56028271
6393,1120.56028271
6394,1120.56028271
6395,1120.56028271
6396,1120.56028271
6397,1120.56028271
6398,1120.56028271
6399,1120.56028271
6400,1120.56028271
6401,1120.56028271
6402,1120.56028271
6403,1120.56028271
6404,1120.56028271
6405,1120.56028271
6406,1120.56028271
6407,1120.56028271
6408,1120.56028271
6409,1120.56028271
6410,1120.56028271
6411,1120.56028271
6412,1120.56028271
6413,1120.56028271
6414,1120.56028271
6415,1120.56028271
6416,1120.56028271
6417,1120.56028271
6418,1120.56028271
6419,1120.56028271
6420,1120.56028271
6421,1120.56028271
6422,1120.56028271
6423,1120.56028271
6424,1120.56028271
6425,1120.56028271
6426,1120.56028271
6427,1120.56028271
6428,1120.56028271
6429,1120.56028271
6430,1120.56028271
6431,1120.56028271
6432,1120.56028271
6433,1120.56028271
6434,1120.56028271
6435,1120.56028271
6436,1120.56028271
6437,1120.56028271
6438,1120.56028271
6439,1120.56028271
6440,1120.56028271
6441,1120.56028271
6442,1120.56028271
6443,1120.56028271
6444,1120.56028271
6445,1120.56028271
6446,1120.56028271
6447,1120.56028271
6448,1120.56028271
6449,1120.56028271
6450,1120.56028271
6451,1120.56028271
6452,1120.56028271
6453,1120.56028271
6454,1120.56028271
6455,1120.56028271
6456,1120.56028271
6457,1120.56028271
6458,1120.56028271
6459,1120.56028271
6460,1120.56028271
6461,1120.56028271
6462,1120.56028271
6463,1120.56028271
6464,1120.56028271
6465,1120.56028271
6466,1120.56028271
6467,1120.56028271
6468,1120.56028271
6469,1120.56028271
6470,1120.56028271
6471,1120.56028271
6472,1120.56028271
6473,1120.56028271
6474,1120.56028271
6475,1120.56028271
6476,1120.56028271
6477,1120.56028271
6478,1120.56028271
6479,1120.56028271
6480,1120.56028271
6481,1120.56028271
6482,1120.56028271
6483,1120.56028271
6484,1120.56028271
6485,1120.56028271
6486,1120.56028271
6487,1120.56028271
6488,1120.56028271
6489,1120.56028271
6490,1120.56028271
6491,1120.56028271
6492,1120.56028271
6493,1120.56028271
6494,1120.56028271
6495,1120.56028271
6496,1120.56028271
6497,1120.56028271
6498,1120.56028271
6499,1120.56028271
6500,1120.56028271
6501,1120.56028271
6502,1120.56028271
6503,1120.56028271
6504,1120.56028271
6505,1120.56028271
6506,1120.56028271
6507,1120.56028271
6508,1120.56028271
6509,1120.56028271
6510,1120.56028271
6511,1120.56028271
6512,1120.56028271
6513,1120.56028271
6514,1120.56028271
6515,1120.56028271
6516,1120.56028271
6517,1120.56028271
6518,1120.56028271
6519,1120.56028271
6520,1120.56028271
6521,1120.56028271
6522,1120.56028271
6523,1120.56028271
6524,1120.56028271
6525,1120.56028271
6526,1120.56028271
6527,1120.56028271
6528,1120.56028271
6529,1120.56028271
6530,1120.56028271
6531,1120.56028271
6532,1120.56028271
6533,1120.56028271
6534,1120.56028271
6535,1120.56028271
6536,1120.56028271
6537,1120.56028271
6538,1120.56028271
6539,1120.56028271
6540,1120.56028271
6541,1120.54144865
6542,1120.54144865
6543,1120.54144865
6544,1120.48632885
6545,1120.48632885
6546,1120.48632885
6547,1120.48632885
6548,1120.48632885
6549,1120.48632885
6550,1120.48632885
6551,1120.48632885
6552,1120.48632885
6553,1120.48632885
6554,1120.48632885
6555,1120.48632885
6556,1120.48632885
6557,1120.48632885
6558,1120.48632885
6559,1120.48632885
6560,1120.48632885
6561,1120.48632885
6562,1120.48632885
6563,1120.48632885
6564,1120.48632885
6565,1120.48632885
6566,1120.48632885
6567,1120.48632885
6568,1120.48632885
6569,1120.48632885
6570,1120.48632885
6571,1120.48632885
6572,1120.48632885
6573,1120.48632885
6574,1120.48632885
6575,1120.48632885
6576,1120.48632885
6577,1120.48632885
6578,1120.48632885
6579,1120.48632885
6580,1120.48632885
6581,1120.48632885
6582,1120.48632885
6583,1120.48632885
6584,1120.48632885
6585,1120.48632885
6586,1120.48632885
6587,1120.48632885
6588,1120.48632885
6589,1120.48632885
6590,1120.48632885
6591,1120.48632885
6592,1120.48632885
6593,1120.48632885
6594,1120.48632885
6595,1120.48632885
6596,1120.48632885
6597,1120.48632885
6598,1120.48632885
6599,1120.48632885
6600,1120.48632885
6601,1120.48632885
6602,1120.48632885
6603,1120.48632885
6604,1120.48632885
6605,1120.48632885
6606,1120.48632885
6607,1120.48632885
6608,1120.48632885
6609,1120.48632885
6610,1120.48632885
6611,1120.48632885
6612,1120.48632885
6613,1120.48632885
6614,1120.48632885
6615,1120.48632885
6616,1120.48632885
6617,1120.48632885
6618,1120.48632885
6619,1120.48632885
6620,1120.48632885
6621,1120.48632885
6622,1120.48632885
6623,1120.48632885
6624,1120.48632885
6625,1120.48632885
6626,1120.48632885
6627,1120.48632885
6628,1120.48632885
6629,1120.48632885
6630,1120.48632885
6631,1120.43962122
6632,1120.43962122
6633,1120.43962122
6634,1120.43962122
6635,1120.43962122
6636,1120.43962122
6637,1120.43962122
6638,1120.43962122
6639,1120.43962122
6640,1120.43962122
6641,1120.43962122
6642,1120.43962122
6643,1120.43962122
6644,1120.43962122
6645,1120.43962122
6646,1120.43962122
6647,1120.43962122
6648,1120.43962122
6649,1120.43962122
6650,1120.43962122
6651,1120.43962122
6652,1120.43962122
6653,1120.43962122
6654,1120.43962122
6655,1120.43962122
6656,1120.43962122
6657,1120.43962122
6658,1120.43962122
6659,1120.43962122
6660,1120.43962122
6661,1120.43962122
6662,1120.43962122
6663,1120.43962122
6664,1120.43962122
6665,1120.43962122
6666,1120.43962122
6667,1120.43962122
6668,1120.43962122
6669,1120.43962122
6670,1120.43962122
6671,1120.43962122
6672,1120.43962122
6673,1120.43962122
6674,1120.43962122
6675,1120.43962122
6676,1120.43962122
6677,1120.43962122
6678,1120.43962122
6679,1120.43962122
6680,1120.43962122
6681,1120.43962122
6682,1120.43962122
6683,1120.43962122
6684,1120.43962122
6685,1120.43962122
6686,1120.43962122
6687,1120.43962122
6688,1120.43962122
6689,1120.1979573
6690,1120.1979573
6691,1120.1979573
6692,1120.1979573
6693,1120.1979573
6694,1120.1979573
6695,1120.1979573
6696,1120.1979573
6697,1120.1979573
6698,1120.1979573
6699,1120.1979573
6700,1120.1979573
6701,1120.1979573
6702,1120.1979573
6703,1120.1979573
6704,1120.1979573
6705,1120.1979573
6706,1120.1979573
6707,1120.1979573
6708,1120.1979573
6709,1120.1979573
6710,1120.1979573
6711,1120.1979573
6712,1120.1979573
6713,1120.1979573
6714,1120.1979573
6715,1120.1979573
6716,1120.1979573
6717,1120.1979573
6718,1120.1979573
6719,1120.1979573
6720,1120.1979573
6721,1120.1979573
6722,1120.10130784
6723,1120.10130784
6724,1120.10130784
6725,1120.10130784
6726,1120.10130784
6727,1120.10130784
6728,1120.10130784
6729,1120.10130784
6730,1120.10130784
6731,1120.10130784
6732,1120.10130784
6733,1120.10130784
6734,1120.10130784
6735,1120.10130784
6736,1120.10130784
6737,1120.10130784
6738,1120.10130784
6739,1120.10130784
6740,1120.10130784
6741,1120.10130784
6742,1120.10130784
6743,1120.10130784
6744,1120.10130784
6745,1120.10130784
6746,1120.10130784
6747,1120.10130784
6748,1120.10130784
6749,1120.10130784
6750,1120.10130784
6751,1120.10130784
6752,1120.10130784
6753,1120.10130784
6754,1120.10130784
6755,1120.10130784
6756,1120.10130784
6757,1120.10130784
6758,1120.10130784
6759,1120.10130784
6760,1120.10130784
6761,1118.48520175
6762,1118.48520175
6763,1118.48520175
6764,1118.48520175
6765,1118.48520175
6766,1118.48520175
6767,1118.48520175
6768,1118.48520175
6769,1118.48520175
6770,1118.48520175
6771,1118.48520175
6772,1118.48520175
6773,1118.48520175
6774,1118.48520175
6775,1118.48520175
6776,1118.48520175
6777,1118.48520175
6778,1118.48520175
6779,1118.48520175
6780,1118.48520175
6781,1118.48520175
6782,1118.48520175
6783,1118.48520175
6784,1118.48520175
6785,1118.48520175
6786,1118.48520175
6787,1118.48520175
6788,1118.48520175
6789,1118.48520175
6790,1118.48520175
6791,1118.48520175
6792,1118.48520175
6793,1118.48520175
6794,1118.48520175
6795,1118.48520175
6796,1118.48520175
6797,1118.48520175
6798,1118.48520175
6799,1118.48520175
6800,1118.48520175
6801,1118.48520175
6802,1118.48520175
6803,1118.48520175
6804,1118.48520175
6805,1118.48520175
6806,1118.48520175
6807,1118.48520175
6808,1118.48520175
6809,1118.48520175
6810,1118.48520175
6811,1118.48520175
6812,1118.47929256
6813,1118.47929256
6814,1118.47929256
6815,1118.47929256
6816,1118.47929256
6817,1118.47929256
6818,1118.47929256
6819,1118.25282401
6820,1118.25282401
6821,1118.25282401
6822,1118.25282401
6823,1118.25282401
6824,1118.25282401
6825,1118.25282401
6826,1118.25282401
6827,1118.25282401
6828,1118.25282401
6829,1118.25282401
6830,1118.25282401
6831,1118.25282401
6832,1118.25282401
6833,1118.25282401
6834,1118.25282401
6835,1118.25282401
6836,1118.25282401
6837,1118.25282401
6838,1118.25282401
6839,1118.25282401
6840,1118.25282401
6841,1118.25282401
6842,1118.25282401
6843,1118.25282401
6844,1118.25282401
6845,1118.25282401
6846,1118.25282401
6847,1118.25282401
6848,1118.25282401
6849,1118.25282401
6850,1118.25282401
6851,1118.25282401
6852,1118.25282401
6853,1118.25282401
6854,1118.25282401
6855,1118.25282401
6856,1118.25282401
6857,1118.25282401
6858,1118.25282401
6859,1118.25282401
6860,1118.25282401
6861,1118.25282401
6862,1118.25282401
6863,1118.25282401
6864,1118.25282401
6865,1118.25282401
6866,1118.25282401
6867,1118.25282401
6868,1118.25282401
6869,1118.25282401
6870,1118.25282401
6871,1118.25282401
6872,1118.25282401
6873,1118.25282401
6874,1118.25282401
6875,1118.25282401
6876,1118.25282401
6877,1118.25282401
6878,1118.25282401
6879,1118.25282401
6880,1118.25282401
6881,1118.25282401
6882,1118.25282401
6883,1118.25282401
6884,1118.25282401
6885,1118.25282401
6886,1118.25282401
6887,1118.25282401
6888,1118.25282401
6889,1118.25282401
6890,1118.25282401
6891,1118.25282401
6892,1118.25282401
6893,1118.25282401
6894,1118.25282401
6895,1118.25282401
6896,1118.25282401
6897,1118.25282401
6898,1118.25282401
6899,1118.25282401
6900,1118.25282401
6901,1118.25282401
6902,1118.25282401
6903,1118.25282401
6904,1118.25282401
6905,1118.25282401
6906,1118.25282401
6907,1118.25282401
6908,1118.25282401
6909,1118.25282401
6910,1118.25282401
6911,1118.25282401
6912,1118.25282401
6913,1118.25282401
6914,1118.25282401
6915,1118.25282401
6916,1118.25282401
6917,1118.25282401
6918,1118.25282401
6919,1118.25282401
6920,1118.25282401
6921,1118.25282401
6922,1118.25282401
6923,1118.25282401
6924,1118.25282401
6925,1118.25282401
6926,1118.25282401
6927,1118.25282401
6928,1117.98008359
6929,1117.98008359
6930,1117.98008359
6931,1117.98008359
6932,1117.98008359
6933,1117.98008359
6934,1117.98008359
6935,1117.98008359
6936,1117.98008359
6937,1117.98008359
6938,1117.98008359
6939,1117.98008359
6940,1117.98008359
6941,1117.98008359
6942,1117.98008359
6943,1117.98008359
6944,1117.98008359
6945,1117.98008359
6946,1117.98008359
6947,1117.98008359
6948,1117.98008359
6949,1117.98008359
6950,1117.98008359
6951,1117.98008359
6952,1117.98008359
6953,1117.98008359
6954,1117.98008359
6955,1117.98008359
6956,1117.98008359
6957,1117.98008359
6958,1117.98008359
6959,1117.98008359
6960,1117.98008359
6961,1117.98008359
6962,1117.98008359
6963,1117.98008359
6964,1117.98008359
6965,1117.98008359
6966,1117.98008359
6967,1117.98008359
6968,1117.98008359
6969,1117.98008359
6970,1117.98008359
6971,1117.98008359
6972,1117.98008359
6973,1117.98008359
6974,1117.98008359
6975,1117.98008359
6976,1117.98008359
6977,1117.98008359
6978,1117.98008359
6979,1117.98008359
6980,1117.98008359
6981,1117.98008359
6982,1117.98008359
6983,1117.98008359
6984,1117.98008359
6985,1117.98008359
6986,1117.98008359
6987,1117.98008359
6988,1117.98008359
6989,1117.98008359
6990,1117.98008359
6991,1117.98008359
6992,1117.98008359
6993,1117.98008359
6994,1117.98008359
6995,1117.98008359
6996,1117.98008359
6997,1117.98008359
6998,1117.98008359
6999,1117.98008359
7000,1117.98008359
7001,1117.98008359
7002,1117.98008359
7003,1117.98008359
7004,1117.98008359
7005,1117.98008359
7006,1117.98008359
7007,1117.98008359
7008,1117.98008359
7009,1117.98008359
7010,1117.98008359
7011,1117.98008359
7012,1117.98008359
7013,1117.98008359
7014,1117.98008359
7015,1117.98008359
7016,1117.98008359
7017,1117.98008359
7018,1117.98008359
7019,1117.98008359
7020,1117.98008359
7021,1117.98008359
7022,1117.98008359
7023,1117.98008359
7024,1117.98008359
7025,1117.98008359
7026,1117.98008359
7027,1117.98008359
7028,1117.98008359
7029,1117.93373481
7030,1117.93373481
7031,1117.93373481
7032,1117.93373481
7033,1117.93373481
7034,1117.93373481
7035,1117.93373481
7036,1117.93373481
7037,1117.93373481
7038,1117.93373481
7039,1117.93373481
7040,1117.93373481
7041,1117.93373481
7042,1117.93373481
7043,1117.93373481
7044,1117.93373481
7045,1117.93373481
7046,1117.93373481
7047,1117.93373481
7048,1117.93373481
7049,1117.93373481
7050,1117.93373481
7051,1117.93373481
7052,1117.93373481
7053,1117.93373481
7054,1117.93373481
7055,1117.93373481
7056,1117.93373481
7057,1117.93373481
7058,1117.86000646
7059,1117.86000646
7060,1117.86000646
7061,1117.86000646
7062,1117.86000646
7063,1117.86000646
7064,1117.86000646
7065,1117.86000646
7066,1117.86000646
7067,1117.86000646
7068,1117.86000646
7069,1117.86000646
7070,1117.86000646
7071,1117.86000646
7072,1117.77602749
7073,1117.77602749
7074,1117.77602749
7075,1117.77602749
7076,1117.77602749
7077,1117.77602749
7078,1117.77602749
7079,1117.77602749
7080,1117.77602749
7081,1117.77602749
7082,1117.77602749
7083,1117.77602749
7084,1117.77602749
7085,1117.77602749
7086,1117.77602749
7087,1117.77602749
7088,1117.77602749
7089,1117.77602749
7090,1117.77602749
7091,1117.77602749
7092,1117.77602749
7093,1117.77602749
7094,1117.77602749
7095,1117.77602749
7096,1117.77602749
7097,1117.77602749
7098,1117.77602749
7099,1117.77602749
7100,1117.77602749
7101,1117.77602749
7102,1117.77602749
7103,1117.77602749
7104,1117.77602749
7105,1117.77602749
7106,1117.77602749
7107,1117.77602749
7108,1117.77602749
7109,1117.77602749
7110,1117.77602749
7111,1117.77602749
7112,1117.77602749
7113,1117.77602749
7114,1117.77602749
7115,1117.77602749
7116,1117.77602749
7117,1117.77602749
7118,1117.77602749
7119,1117.77602749
7120,1117.77602749
7121,1117.77602749
7122,1117.77602749
7123,1117.77602749
7124,1117.77602749
7125,1117.77602749
7126,1117.77602749
7127,1117.77602749
7128,1117.77602749
7129,1117.77602749
7130,1117.77602749
7131,1117.77602749
7132,1117.77602749
7133,1117.77602749
7134,1117.77602749
7135,1117.77602749
7136,1117.77602749
7137,1117.77602749
7138,1117.77602749
7139,1117.77602749
7140,1117.77602749
7141,1117.77602749
7142,1117.77602749
7143,1117.77602749
7144,1117.77602749
7145,1117.77602749
7146,1117.77602749
7147,1117.77602749
7148,1117.77602749
7149,1117.77602749
7150,1117.77602749
7151,1117.77602749
7152,1117.77602749
7153,1117.77602749
7154,1117.77602749
7155,1117.77602749
7156,1117.77602749
7157,1117.77602749
7158,1117.77602749
7159,1117.77602749
7160,1117.77602749
7161,1117.77602749
7162,1117.77602749
7163,1117.77602749
7164,1117.77602749
7165,1117.77602749
7166,1117.77602749
7167,1117.77602749
7168,1117.77602749
7169,1117.77602749
7170,1117.77602749
7171,1117.77602749
7172,1117.77602749
7173,1117.77602749
7174,1117.77602749
7175,1117.77602749
7176,1117.77602749
7177,1117.77602749
7178,1117.77602749
7179,1117.77602749
7180,1117.77602749
7181,1117.77602749
7182,1117.77602749
7183,1117.77602749
7184,1117.77602749
7185,1117.77602749
7186,1117.77602749
7187,1117.77602749
7188,1117.77602749
7189,1117.77602749
7190,1117.77602749
7191,1117.13427105
7192,1117.13427105
7193,1117.13427105
7194,1117.13427105
7195,1117.13427105
7196,1117.13427105
7197,1117.13427105
7198,1117.13427105
7199,1117.13427105
7200,1117.13427105
7201,1117.13427105
7202,1117.13427105
7203,1117.13427105
7204,1117.13427105
7205,1117.13427105
7206,1117.13427105
7207,1117.13427105
7208,1117.13427105
7209,1117.13427105
7210,1117.13427105
7211,1117.13427105
7212,1117.13427105
7213,1117.13427105
7214,1117.13427105
7215,1117.13427105
7216,1117.13427105
7217,1117.13427105
7218,1117.13427105
7219,1117.13427105
7220,1117.13427105
7221,1117.13427105
7222,1117.13427105
7223,1117.13427105
7224,1117.13427105
7225,1117.13427105
7226,1117.13427105
7227,1117.13427105
7228,1117.13427105
7229,1117.13427105
7230,1117.13427105
7231,1117.13427105
7232,1117.13427105
7233,1117.13427105
7234,1117.13427105
7235,1117.13427105
7236,1117.13427105
7237,1117.13427105
7238,1117.13427105
7239,1117.13427105
7240,1117.13427105
7241,1117.13427105
7242,1117.13427105
7243,1117.13427105
7244,1117.13427105
7245,1117.13427105
7246,1117.13427105
7247,1117.13427105
7248,1117.13427105
7249,1117.13427105
7250,1117.13427105
7251,1117.13427105
7252,1117.13427105
7253,1117.13427105
7254,1117.13427105
7255,1117.13427105
7256,1117.13427105
7257,1117.13427105
7258,1117.13427105
7259,1117.13427105
7260,1117.13427105
7261,1117.13427105
7262,1117.13427105
7263,1117.13427105
7264,1117.13427105
7265,1117.13427105
7266,1117.13427105
7267,1117.13427105
7268,1117.13427105
7269,1117.13427105
7270,1117.13427105
7271,1117.13427105
7272,1117.13427105
7273,1117.13427105
7274,1117.13427105
7275,1117.13427105
7276,1117.13427105
7277,1117.13427105
7278,1117.13427105
7279,1117.13427105
7280,1117.13427105
7281,1117.13427105
7282,1117.13427105
7283,1117.13427105
7284,1117.13427105
7285,1117.13427105
7286,1117.13427105
7287,1117.13427105
7288,1117.13427105
7289,1117.13427105
7290,1117.13427105
7291,1117.13427105
7292,1117.13427105
7293,1117.13427105
7294,1117.13427105
7295,1117.13427105
7296,1117.13427105
7297,1117.13427105
7298,1117.13427105
7299,1117.13427105
7300,1117.13427105
7301,1117.13427105
7302,1117.13427105
7303,1117.13427105
7304,1117.13427105
7305,1117.13427105
7306,1117.13427105
7307,1117.13427105
7308,1117.13427105
7309,1117.13427105
7310,1117.13427105
7311,1117.13427105
7312,1117.13427105
7313,1117.13427105
7314,1117.13427105
7315,1117.13427105
7316,1117.13427105
7317,1117.13427105
7318,1117.13427105
7319,1117.13427105
7320,1117.13427105
7321,1117.13427105
7322,1117.13427105
7323,1117.13427105
7324,1117.13427105
7325,1117.13427105
7326,1117.13427105
7327,1117.13427105
7328,1117.13427105
7329,1117.13427105
7330,1117.13427105
7331,1117.13427105
7332,1117.13427105
7333,1117.13427105
7334,1117.13427105
7335,1117.13427105
7336,1117.13427105
7337,1117.13427105
7338,1117.13427105
7339,1117.13427105
7340,1117.13427105
7341,1116.88644841
7342,1116.88644841
7343,1116.88644841
7344,1116.88644841
7345,1116.88644841
7346,1116.88644841
7347,1116.76909222
7348,1116.76909222
7349,1116.76909222
7350,1116.76909222
7351,1116.76909222
7352,1116.76909222
7353,1116.76909222
7354,1116.76909222
7355,1116.13086521
7356,1116.13086521
7357,1116.13086521
7358,1116.13086521
7359,1116.13086521
7360,1116.13086521
7361,1116.13086521
7362,1116.13086521
7363,1116.13086521
7364,1116.13086521
7365,1116.13086521
7366,1116.13086521
7367,1116.13086521
7368,1116.13086521
7369,1116.13086521
7370,1116.13086521
7371,1116.13086521
7372,1116.13086521
7373,1116.13086521
7374,1116.13086521
7375,1116.13086521
7376,1116.13086521
7377,1116.13086521
7378,1116.13086521
7379,1116.13086521
7380,1116.13086521
7381,1116.13086521
7382,1116.13086521
7383,1116.13086521
7384,1116.13086521
7385,1116.13086521
7386,1116.13086521
7387,1116.13086521
7388,1116.13086521
7389,1116.13086521
7390,1116.13086521
7391,1116.13086521
7392,1116.13086521
7393,1116.13086521
7394,1116.13086521
7395,1116.13086521
7396,1116.13086521
7397,1116.13086521
7398,1116.13086521
7399,1116.13086521
7400,1116.13086521
7401,1116.13086521
7402,1116.13086521
7403,1116.13086521
7404,1116.13086521
7405,1116.13086521
7406,1116.13086521
7407,1116.13086521
7408,1116.13086521
7409,1116.13086521
7410,1116.13086521
7411,1116.13086521
7412,1115.70428531
7413,1115.70428531
7414,1115.70428531
7415,1115.70428531
7416,1115.70428531
7417,1115.70428531
7418,1115.70428531
7419,1115.70428531
7420,1115.70428531
7421,1115.70428531
7422,1115.70428531
7423,1115.70428531
7424,1115.70428531
7425,1115.70428531
7426,1115.70428531
7427,1115.70428531
7428,1115.70428531
7429,1115.70428531
7430,1115.70428531
7431,1115.70428531
7432,1115.70428531
7433,1115.70428531
7434,1115.70428531
7435,1115.70428531
7436,1115.70428531
7437,1115.70428531
7438,1115.70428531
7439,1115.70428531
7440,1115.70428531
7441,1115.70428531
7442,1115.70428531
7443,1115.70428531
7444,1115.70428531
7445,1114.66919215
7446,1114.66919215
7447,1114.66919215
7448,1114.66919215
7449,1114.66919215
7450,1114.66919215
7451,1114.66919215
7452,1114.66919215
7453,1114.66919215
7454,1114.66919215
7455,1114.66919215
7456,1114.66919215
7457,1114.66919215
7458,1114.66919215
7459,1114.66919215
7460,1114.66919215
7461,1114.66919215
7462,1114.66919215
7463,1114.66919215
7464,1114.66919215
7465,1114.66919215
7466,1114.66919215
7467,1114.66919215
7468,1114.66919215
7469,1114.66919215
7470,1114.66919215
7471,1114.66919215
7472,1114.66919215
7473,1114.66919215
7474,1114.66919215
7475,1114.66919215
7476,1114.66919215
7477,1114.66919215
7478,1114.66919215
7479,1114.66919215
7480,1114.66919215
7481,1114.66919215
7482,1114.66919215
7483,1114.66919215
7484,1114.66919215
7485,1114.66919215
7486,1114.66919215
7487,1114.66919215
7488,1114.66919215
7489,1114.66919215
7490,1114.66919215
7491,1114.66919215
7492,1114.66919215
7493,1114.66919215
7494,1114.66919215
7495,1114.66919215
7496,1114.66919215
7497,1114.66919215
7498,1114.66919215
7499,1114.66919215
7500,1114.66919215
7501,1114.66919215
7502,1114.66919215
7503,1114.66919215
7504,1114.66919215
7505,1114.66919215
7506,1114.66919215
7507,1114.66919215
7508,1114.66919215
7509,1114.66919215
7510,1113.7551596
7511,1113.7551596
7512,1113.7551596
7513,1113.7551596
7514,1113.7551596
7515,1113.7551596
7516,1113.7551596
7517,1113.7551596
7518,1113.7551596
7519,1113.7551596
7520,1113.7551596
7521,1113.7551596
7522,1113.7551596
7523,1113.7551596
7524,1113.7551596
7525,1113.7551596
7526,1113.7551596
7527,1113.7551596
7528,1113.7551596
7529,1113.7551596
7530,1113.7551596
7531,1113.7551596
7532,1113.7551596
7533,1113.7551596
7534,1113.7551596
7535,1113.7551596
7536,1113.7551596
7537,1113.7551596
7538,1113.7551596
7539,1113.7551596
7540,1113.7551596
7541,1113.7551596
7542,1113.7551596
7543,1113.7551596
7544,1113.7551596
7545,1113.7551596
7546,1113.7551596
7547,1113.7551596
7548,1113.7551596
7549,1113.7551596
7550,1113.7551596
7551,1113.7551596
7552,1113.7551596
7553,1113.7551596
7554,1113.7551596
7555,1113.7551596
7556,1113.7551596
7557,1113.7551596
7558,1113.7551596
7559,1113.7551596
7560,1113.7551596
7561,1113.7551596
7562,1113.7551596
7563,1113.7551596
7564,1113.7551596
7565,1113.7551596
7566,1113.7551596
7567,1113.7551596
7568,1113.7551596
7569,1113.7551596
7570,1113.7551596
7571,1113.7551596
7572,1113.7551596
7573,1113.7551596
7574,1113.7551596
7575,1113.7551596
7576,1113.7551596
7577,1113.05501484
7578,1113.05501484
7579,1113.05501484
7580,1113.05501484
7581,1113.05501484
7582,1113.05501484
7583,1113.05501484
7584,1113.05501484
7585,1113.05501484
7586,1113.05501484
7587,1113.05501484
7588,1113.05501484
7589,1113.05501484
7590,1113.05501484
7591,1113.05501484
7592,1113.05501484
7593,1113.05501484
7594,1113.05501484
7595,1113.05501484
7596,1113.05501484
7597,1113.05501484
7598,1113.05501484
7599,1113.05501484
7600,1113.05501484
7601,1113.05501484
7602,1113.05501484
7603,1113.05501484
7604,1113.05501484
7605,1113.05501484
7606,1113.05501484
7607,1113.05501484
7608,1113.05501484
7609,1113.05501484
7610,1113.05501484
7611,1113.05501484
7612,1113.05501484
7613,1113.05501484
7614,1113.05501484
7615,1113.05501484
7616,1113.05501484
7617,1113.05501484
7618,1113.05501484
7619,1113.05501484
7620,1113.05501484
7621,1113.05501484
7622,1113.05501484
7623,1113.05501484
7624,1113.05501484
7625,1113.05501484
7626,1113.05501484
7627,1113.05501484
7628,1113.05501484
7629,1113.05501484
7630,1113.05501484
7631,1113.05501484
7632,1113.05501484
7633,1113.05501484
7634,1113.05501484
7635,1113.05501484
7636,1113.05501484
7637,1113.05501484
7638,1113.05501484
7639,1113.05501484
7640,1113.05501484
7641,1113.05501484
7642,1113.05501484
7643,1113.05501484
7644,1113.05501484
7645,1113.05501484
7646,1113.05501484
7647,1113.05501484
7648,1113.05501484
7649,1113.05501484
7650,1113.05501484
7651,1113.05501484
7652,1113.05501484
7653,1113.05501484
7654,1113.05501484
7655,1113.05501484
7656,1113.05501484
7657,1113.05501484
7658,1113.05501484
7659,1113.05501484
7660,1113.05501484
7661,1113.05501484
7662,1113.05501484
7663,1113.05501484
7664,1113.05501484
7665,1113.05501484
7666,1113.05501484
7667,1113.05501484
7668,1113.05501484
7669,1113.05501484
7670,1113.05501484
7671,1113.05501484
7672,1113.05501484
7673,1113.05501484
7674,1113.05501484
7675,1113.05501484
7676,1113.05501484
7677,1113.05501484
7678,1113.05501484
7679,1113.05501484
7680,1113.05501484
7681,1113.05501484
7682,1113.05501484
7683,1113.05501484
7684,1113.05501484
7685,1113.05501484
7686,1113.05501484
7687,1113.05501484
7688,1113.05501484
7689,1113.05501484
7690,1113.05501484
7691,1113.05501484
7692,1113.05501484
7693,1113.05501484
7694,1113.05501484
7695,1113.05501484
7696,1113.05501484
7697,1113.05501484
7698,1113.05501484
7699,1113.05501484
7700,1113.05501484
7701,1113.05501484
7702,1113.05501484
7703,1113.05501484
7704,1113.05501484
7705,1113.05501484
7706,1113.05501484
7707,1113.05501484
7708,1113.05501484
7709,1113.05501484
7710,1113.05501484
7711,1113.05501484
7712,1113.05501484
7713,1113.05501484
7714,1113.05501484
7715,1113.05501484
7716,1113.05501484
7717,1113.05501484
7718,1113.05501484
7719,1113.05501484
7720,1113.05501484
7721,1113.05501484
7722,1113.05501484
7723,1113.05501484
7724,1113.05501484
7725,1113.05501484
7726,1113.05501484
7727,1113.05501484
7728,1113.05501484
7729,1113.05501484
7730,1113.05501484
7731,1113.05501484
7732,1113.05501484
7733,1113.05501484
7734,1113.05501484
7735,1113.05501484
7736,1113.05501484
7737,1113.05501484
7738,1113.05501484
7739,1113.05501484
7740,1113.05501484
7741,1113.05501484
7742,1113.05501484
7743,1113.05501484
7744,1113.05501484
7745,1112.82030107
7746,1112.82030107
7747,1112.82030107
7748,1112.82030107
7749,1112.82030107
7750,1112.82030107
7751,1112.82030107
7752,1112.82030107
7753,1112.82030107
7754,1112.82030107
7755,1112.82030107
7756,1112.82030107
7757,1112.82030107
7758,1112.82030107
7759,1112.82030107
7760,1112.82030107
7761,1112.82030107
7762,1112.82030107
7763,1112.82030107
7764,1112.82030107
7765,1112.82030107
7766,1112.82030107
7767,1112.82030107
7768,1112.82030107
7769,1112.82030107
7770,1112.82030107
7771,1112.82030107
7772,1112.82030107
7773,1112.82030107
7774,1112.82030107
7775,1112.82030107
7776,1112.82030107
7777,1112.82030107
7778,1112.82030107
7779,1112.82030107
7780,1112.82030107
7781,1112.82030107
7782,1112.82030107
7783,1112.82030107
7784,1112.82030107
7785,1112.82030107
7786,1112.82030107
7787,1112.82030107
7788,1112.82030107
7789,1112.82030107
7790,1112.82030107
7791,1112.82030107
7792,1112.82030107
7793,1112.82030107
7794,1112.82030107
7795,1112.82030107
7796,1112.82030107
7797,1112.82030107
7798,1112.82030107
7799,1112.82030107
7800,1111.94963005
7801,1111.94963005
7802,1111.94963005
7803,1111.94963005
7804,1111.94963005
7805,1111.94963005
7806,1111.94963005
7807,1111.94963005
7808,1111.94963005
7809,1111.94963005
7810,1111.94963005
7811,1111.94963005
7812,1111.94963005
7813,1111.94963005
7814,1111.94963005
7815,1111.94963005
7816,1111.94963005
7817,1111.94963005
7818,1111.94963005
7819,1111.94963005
7820,1111.94963005
7821,1111.94963005
7822,1111.94963005
7823,1111.94963005
7824,1111.94963005
7825,1111.94963005
7826,1111.94963005
7827,1111.94963005
7828,1111.94963005
7829,1111.94963005
7830,1111.94963005
7831,1111.94963005
7832,1111.94963005
7833,1111.94963005
7834,1111.94963005
7835,1111.94963005
7836,1111.94963005
7837,1111.94963005
7838,1111.94963005
7839,1111.94963005
7840,1111.94963005
7841,1111.94963005
7842,1111.94963005
7843,1111.94963005
7844,1111.94963005
7845,1111.94963005
7846,1111.94963005
7847,1111.94963005
7848,1111.94963005
7849,1111.94963005
7850,1111.94963005
7851,1111.94963005
7852,1111.94963005
7853,1111.94963005
7854,1111.94963005
7855,1111.94963005
7856,1111.94963005
7857,1111.94963005
7858,1111.94963005
7859,1111.94963005
7860,1111.94963005
7861,1111.94963005
7862,1111.94963005
7863,1111.94963005
7864,1111.94963005
7865,1111.94963005
7866,1111.94963005
7867,1111.94963005
7868,1111.94963005
7869,1111.94963005
7870,1111.94963005
7871,1111.94963005
7872,1111.94963005
7873,1111.94963005
7874,1111.94963005
7875,1111.94963005
7876,1111.94963005
7877,1111.94963005
7878,1111.94963005
7879,1111.94963005
7880,1111.94963005
7881,1111.94963005
7882,1111.94963005
7883,1111.94963005
7884,1111.94963005
7885,1111.94963005
7886,1111.94963005
7887,1111.94963005
7888,1111.94963005
7889,1111.94963005
7890,1111.94963005
7891,1111.94963005
7892,1111.94963005
7893,1111.94963005
7894,1111.94963005
7895,1111.94963005
7896,1111.94963005
7897,1111.94963005
7898,1111.94963005
7899,1111.94963005
7900,1111.94963005
7901,1111.94963005
7902,1111.94963005
7903,1111.94963005
7904,1111.94963005
7905,1111.94963005
7906,1111.94963005
7907,1111.94963005
7908,1111.94963005
7909,1111.94963005
7910,1111.94963005
7911,1111.94963005
7912,1111.94963005
7913,1111.94963005
7914,1111.94963005
7915,1111.94963005
7916,1111.94963005
7917,1111.94963005
7918,1111.94963005
7919,1111.94963005
7920,1111.94963005
7921,1111.94963005
7922,1111.94963005
7923,1111.94963005
7924,1111.94963005
7925,1111.94963005
7926,1111.94963005
7927,1111.94963005
7928,1111.94963005
7929,1111.94963005
7930,1111.94963005
7931,1111.94963005
7932,1111.94963005
7933,1111.94963005
7934,1111.94963005
7935,1111.94963005
7936,1111.94963005
7937,1111.94963005
7938,1111.94963005
7939,1111.94963005
7940,1111.94963005
7941,1111.94963005
7942,1111.94963005
7943,1111.94963005
7944,1111.94963005
7945,1111.94963005
7946,1111.94963005
7947,1111.94963005
7948,1111.94963005
7949,1111.94963005
7950,1111.94963005
7951,1111.94963005
7952,1111.94963005
7953,1111.94963005
7954,1111.94963005
7955,1111.94963005
7956,1111.94963005
7957,1111.94963005
7958,1111.94963005
7959,1111.94963005
7960,1111.94963005
7961,1111.94963005
7962,1111.94963005
7963,1111.94963005
7964,1111.94963005
7965,1111.94963005
7966,1111.94963005
7967,1111.94963005
7968,1111.94963005
7969,1111.94963005
7970,1111.94963005
7971,1111.94963005
7972,1111.94963005
7973,1111.94963005
7974,1111.94963005
7975,1111.94963005
7976,1111.94963005
7977,1111.94963005
7978,1111.94963005
7979,1111.94963005
7980,1111.94963005
7981,1111.94963005
7982,1111.94963005
7983,1111.94963005
7984,1111.94963005
7985,1111.94963005
7986,1111.94963005
7987,1111.94963005
7988,1111.94963005
7989,1111.94963005
7990,1111.94963005
7991,1111.94963005
7992,1111.94963005
7993,1111.94963005
7994,1111.94963005
7995,1111.94963005
7996,1111.94963005
7997,1111.94963005
7998,1111.94963005
7999,1111.94963005
8000,1111.94963005
8001,1111.94963005
8002,1111.94963005
8003,1111.94963005
8004,1111.94963005
8005,1111.94963005
8006,1111.94963005
8007,1111.94963005
8008,1111.94963005
8009,1111.94963005
8010,1111.94963005
8011,1111.94963005
8012,1111.94963005
8013,1111.94963005
8014,1111.94963005
8015,1111.94963005
8016,1111.94963005
8017,1111.94963005
8018,1111.94963005
8019,1111.94963005
8020,1111.94963005
8021,1111.94963005
8022,1111.94963005
8023,1111.94963005
8024,1111.94963005
8025,1111.94963005
8026,1111.94963005
8027,1111.94963005
8028,1111.94963005
8029,1111.94963005
8030,1111.94963005
8031,1111.94963005
8032,1111.94963005
8033,1111.94963005
8034,1111.94963005
8035,1111.94963005
8036,1111.94963005
8037,1111.94963005
8038,1111.94963005
8039,1111.94963005
8040,1111.94963005
8041,1111.94963005
8042,1111.94963005
8043,1111.94963005
8044,1111.94963005
8045,1111.94963005
8046,1111.94963005
8047,1111.94963005
8048,1111.94963005
8049,1111.94963005
8050,1111.94963005
8051,1111.94963005
8052,1111.94963005
8053,1111.94963005
8054,1111.94963005
8055,1111.94963005
8056,1111.94963005
8057,1111.94963005
8058,1111.94963005
8059,1111.94963005
8060,1111.94963005
8061,1111.94963005
8062,1111.94963005
8063,1111.94963005
8064,1111.94963005
8065,1111.94963005
8066,1111.94963005
8067,1111.94963005
8068,1111.94963005
8069,1111.94963005
8070,1111.94963005
8071,1111.94963005
8072,1111.94963005
8073,1111.94963005
8074,1111.94963005
8075,1111.94963005
8076,1111.94963005
8077,1111.94963005
8078,1111.94963005
8079,1111.94963005
8080,1111.94963005
8081,1111.94963005
8082,1111.94963005
8083,1111.94963005
8084,1111.94963005
8085,1111.94963005
8086,1111.88452321
8087,1111.88452321
8088,1111.88452321
8089,1111.88452321
8090,1111.88452321
8091,1111.88452321
8092,1111.88452321
8093,1111.88452321
8094,1111.88452321
8095,1111.88452321
8096,1111.88452321
8097,1111.88452321
8098,1111.88452321
8099,1111.88452321
8100,1111.88452321
8101,1111.88452321
8102,1111.88452321
8103,1111.88452321
8104,1111.88452321
8105,1111.88452321
8106,1111.88452321
8107,1111.88452321
8108,1111.88452321
8109,1111.88452321
8110,1111.88452321
8111,1111.88452321
8112,1111.88452321
8113,1111.88452321
8114,1111.88452321
8115,1111.88452321
8116,1111.88452321
8117,1111.88452321
8118,1111.88452321
8119,1111.88452321
8120,1111.88452321
8121,1111.88452321
8122,1111.88452321
8123,1111.88452321
8124,1111.88452321
8125,1111.88452321
8126,1111.88452321
8127,1111.88452321
8128,1111.88452321
8129,1111.88452321
8130,1111.88452321
8131,1111.88452321
8132,1111.88452321
8133,1111.88452321
8134,1111.88452321
8135,1111.88452321
8136,1111.88452321
8137,1111.88452321
8138,1111.88452321
8139,1111.88452321
8140,1111.88452321
8141,1111.88452321
8142,1111.88452321
8143,1111.88452321
8144,1111.88452321
8145,1111.88452321
8146,1111.88452321
8147,1111.88452321
8148,1111.88452321
8149,1111.88452321
8150,1111.88452321
8151,1111.88452321
8152,1111.88452321
8153,1111.88452321
8154,1111.88452321
8155,1111.88452321
8156,1111.88452321
8157,1111.88452321
8158,1111.88452321
8159,1111.88452321
8160,1111.88452321
8161,1111.88452321
8162,1111.88452321
8163,1111.88452321
8164,1111.88452321
8165,1111.88452321
8166,1111.88452321
8167,1111.88452321
8168,1111.88452321
8169,1111.88452321
8170,1111.88452321
8171,1111.88452321
8172,1111.88452321
8173,1111.88452321
8174,1111.88452321
8175,1111.88452321
8176,1111.88452321
8177,1111.88452321
8178,1111.88452321
8179,1111.88452321
8180,1111.88452321
8181,1111.88452321
8182,1111.88452321
8183,1111.88452321
8184,1111.88452321
8185,1111.88452321
8186,1111.88452321
8187,1111.88452321
8188,1111.88452321
8189,1111.88452321
8190,1111.88452321
8191,1111.88452321
8192,1111.88452321
8193,1111.88452321
8194,1111.88452321
8195,1111.88452321
8196,1111.88452321
8197,1111.88452321
8198,1111.88452321
8199,1111.88452321
8200,1111.88452321
8201,1111.88452321
8202,1111.88452321
8203,1111.88452321
8204,1111.88452321
8205,1111.88452321
8206,1111.88452321
8207,1111.88452321
8208,1111.88452321
8209,1111.88452321
8210,1111.88452321
8211,1111.88452321
8212,1111.88452321
8213,1111.88452321
8214,1111.88452321
8215,1111.88452321
8216,1111.88452321
8217,1111.88452321
8218,1111.88452321
8219,1111.88452321
8220,1111.88452321
8221,1111.88452321
8222,1111.88452321
8223,1111.88452321
8224,1111.88452321
8225,1111.88452321
8226,1111.88452321
8227,1111.88452321
8228,1111.88452321
8229,1111.88452321
8230,1111.88452321
8231,1111.88452321
8232,1111.88452321
8233,1111.88452321
8234,1111.88452321
8235,1111.88452321
8236,1111.88452321
8237,1111.88452321
8238,1111.88452321
8239,1111.88452321
8240,1111.88452321
8241,1111.88452321
8242,1111.88452321
8243,1111.88452321
8244,1111.88452321
8245,1111.88452321
8246,1111.88452321
8247,1111.88452321
8248,1111.88452321
8249,1111.88452321
8250,1111.88452321
8251,1111.88452321
8252,1111.88452321
8253,1111.88452321
8254,1111.88452321
8255,1111.88452321
8256,1111.88452321
8257,1111.88452321
8258,1111.88452321
8259,1111.88452321
8260,1111.88452321
8261,1111.88452321
8262,1111.88452321
8263,1111.88452321
8264,1111.88452321
8265,1111.88452321
8266,1111.88452321
8267,1111.88452321
8268,1111.88452321
8269,1111.88452321
8270,1111.88452321
8271,1111.88452321
8272,1111.88452321
8273,1111.88452321
8274,1111.88452321
8275,1111.88452321
8276,1111.88452321
8277,1111.88452321
8278,1111.88452321
8279,1111.88452321
8280,1111.88452321
8281,1111.88452321
8282,1111.88452321
8283,1111.88452321
8284,1111.88452321
8285,1111.88452321
8286,1111.88452321
8287,1111.88452321
8288,1111.88452321
8289,1111.88452321
8290,1111.88452321
8291,1111.88452321
8292,1111.88452321
8293,1111.88452321
8294,1111.88452321
8295,1111.88452321
8296,1111.88452321
8297,1111.88452321
8298,1111.88452321
8299,1111.88452321
8300,1111.88452321
8301,1111.88452321
8302,1111.88452321
8303,1111.88452321
8304,1111.88452321
8305,1111.88452321
8306,1111.88452321
8307,1111.88452321
8308,1111.88452321
8309,1111.88452321
8310,1111.88452321
8311,1111.88452321
8312,1111.88452321
8313,1111.88452321
8314,1111.88452321
8315,1111.88452321
8316,1111.88452321
8317,1111.88452321
8318,1111.88452321
8319,1111.88452321
8320,1111.88452321
8321,1111.88452321
8322,1111.88452321
8323,1111.88452321
8324,1111.88452321
8325,1111.88452321
8326,1111.88452321
8327,1111.88452321
8328,1111.88452321
8329,1111.88452321
8330,1111.88452321
8331,1111.88452321
8332,1111.88452321
8333,1111.88452321
8334,1111.88452321
8335,1111.88452321
8336,1111.88452321
8337,1111.88452321
8338,1111.88452321
8339,1111.88452321
8340,1111.88452321
8341,1111.88452321
8342,1111.88452321
8343,1111.88452321
8344,1111.88452321
8345,1111.88452321
8346,1111.88452321
8347,1111.88452321
8348,1111.88452321
8349,1111.88452321
8350,1111.88452321
8351,1111.88452321
8352,1111.88452321
8353,1111.88452321
8354,1111.88452321
8355,1111.88452321
8356,1111.88452321
8357,1111.88452321
8358,1111.88452321
8359,1111.88452321
8360,1111.88452321
8361,1111.88452321
8362,1111.88452321
8363,1111.88452321
8364,1111.88452321
8365,1111.88452321
8366,1111.88452321
8367,1111.88452321
8368,1111.88452321
8369,1111.88452321
8370,1111.88452321
8371,1111.88452321
8372,1111.88452321
8373,1111.88452321
8374,1111.88452321
8375,1111.88452321
8376,1111.88452321
8377,1111.88452321
8378,1111.88452321
8379,1111.88452321
8380,1111.88452321
8381,1111.88452321
8382,1111.88452321
8383,1111.88452321
8384,1111.88452321
8385,1111.88452321
8386,1111.88452321
8387,1111.88452321
8388,1111.88452321
8389,1111.88452321
8390,1111.88452321
8391,1111.88452321
8392,1111.88452321
8393,1111.88452321
8394,1111.88452321
8395,1111.88452321
8396,1111.88452321
8397,1111.88452321
8398,1111.88452321
8399,1111.88452321
8400,1111.88452321
8401,1111.88452321
8402,1111.88452321
8403,1111.88452321
8404,1111.88452321
8405,1111.88452321
8406,1111.88452321
8407,1111.88452321
8408,1111.88452321
8409,1111.88452321
8410,1111.88452321
8411,1111.88452321
8412,1111.88452321
8413,1111.88452321
8414,1111.88452321
8415,1111.88452321
8416,1111.88452321
8417,1111.88452321
8418,1111.88452321
8419,1111.88452321
8420,1111.88452321
8421,1111.88452321
8422,1111.88452321
8423,1111.88452321
8424,1111.88452321
8425,1111.88452321
8426,1111.88452321
8427,1111.88452321
8428,1111.88452321
8429,1111.88452321
8430,1111.88452321
8431,1111.88452321
8432,1111.88452321
8433,1111.88452321
8434,1111.88452321
8435,1111.88452321
8436,1111.88452321
8437,1111.88452321
8438,1111.88452321
8439,1111.88452321
8440,1111.88452321
8441,1111.88452321
8442,1111.88452321
8443,1111.88452321
8444,1111.88452321
8445,1111.88452321
8446,1111.88452321
8447,1111.88452321
8448,1111.88452321
8449,1111.88452321
8450,1111.88452321
8451,1111.88452321
8452,1111.88452321
8453,1111.88452321
8454,1111.88452321
8455,1111.88452321
8456,1111.88452321
8457,1111.88452321
8458,1111.88452321
8459,1111.88452321
8460,1111.88452321
8461,1111.88452321
8462,1111.88452321
8463,1111.88452321
8464,1111.88452321
8465,1111.88452321
8466,1111.88452321
8467,1111.88452321
8468,1111.88452321
8469,1111.88452321
8470,1111.88452321
8471,1111.88452321
8472,1111.88452321
8473,1111.88452321
8474,1111.88452321
8475,1111.88452321
8476,1111.88452321
8477,1111.88452321
8478,1111.88452321
8479,1111.88452321
8480,1111.88452321
8481,1111.88452321
8482,1111.88452321
8483,1111.88452321
8484,1111.88452321
8485,1111.88452321
8486,1111.88452321
8487,1111.88452321
8488,1111.88452321
8489,1111.88452321
8490,1111.88452321
8491,1111.88452321
8492,1111.88452321
8493,1111.88452321
8494,1111.88452321
8495,1111.88452321
8496,1111.88452321
8497,1111.88452321
8498,1111.88452321
8499,1111.88452321
8500,1111.88452321
8501,1111.88452321
8502,1111.88452321
8503,1111.88452321
8504,1111.88452321
8505,1111.88452321
8506,1111.88452321
8507,1111.88452321
8508,1111.88452321
8509,1111.88452321
8510,1111.88452321
8511,1111.88452321
8512,1111.88452321
8513,1111.88452321
8514,1111.88452321
8515,1111.88452321
8516,1111.88452321
8517,1111.88452321
8518,1111.88452321
8519,1111.88452321
8520,1111.88452321
8521,1111.88452321
8522,1111.88452321
8523,1111.88452321
8524,1111.88452321
8525,1111.88452321
8526,1111.88452321
8527,1111.88452321
8528,1111.88452321
8529,1111.88452321
8530,1111.88452321
8531,1111.88452321
8532,1111.88452321
8533,1111.88452321
8534,1111.88452321
8535,1111.88452321
8536,1111.88452321
8537,1111.88452321
8538,1111.88452321
8539,1111.88452321
8540,1111.88452321
8541,1111.88452321
8542,1111.88452321
8543,1111.88452321
8544,1111.88452321
8545,1111.88452321
8546,1111.88452321
8547,1111.88452321
8548,1111.88452321
8549,1111.88452321
8550,1111.88452321
8551,1111.88452321
8552,1111.88452321
8553,1111.88452321
8554,1111.88452321
8555,1111.88452321
8556,1111.88452321
8557,1111.88452321
8558,1111.88452321
8559,1111.78842328
8560,1111.78842328
8561,1111.78842328
8562,1111.78842328
8563,1111.78842328
8564,1111.78842328
8565,1111.78842328
8566,1111.78842328
8567,1111.78842328
8568,1111.78842328
8569,1111.78842328
8570,1111.78842328
8571,1111.78842328
8572,1111.78842328
8573,1111.78842328
8574,1111.78842328
8575,1111.78842328
8576,1111.78842328
8577,1111.78842328
8578,1111.78842328
8579,1111.78842328
8580,1111.78842328
8581,1111.78842328
8582,1111.78842328
8583,1111.78842328
8584,1111.78842328
8585,1111.78842328
8586,1111.78842328
8587,1111.78842328
8588,1111.78842328
8589,1111.78842328
8590,1111.78842328
8591,1111.78842328
8592,1111.78842328
8593,1111.78842328
8594,1111.78842328
8595,1111.78842328
8596,1111.78842328
8597,1111.78842328
8598,1111.78842328
8599,1111.78842328
8600,1111.78842328
8601,1111.78842328
8602,1111.78842328
8603,1111.78842328
8604,1111.78842328
8605,1111.78842328
8606,1111.78842328
8607,1111.78842328
8608,1111.78842328
8609,1111.78842328
8610,1111.78842328
8611,1111.78842328
8612,1111.78842328
8613,1111.78842328
8614,1111.78842328
8615,1111.78842328
8616,1111.78842328
8617,1111.78842328
8618,1111.78842328
8619,1111.78842328
8620,1111.78842328
8621,1111.78842328
8622,1111.78842328
8623,1111.78842328
8624,1111.78842328
8625,1111.78842328
8626,1111.78842328
8627,1111.78842328
8628,1111.78842328
8629,1111.78842328
8630,1111.78842328
8631,1111.78842328
8632,1111.78842328
8633,1111.78842328
8634,1111.78842328
8635,1111.78842328
8636,1111.78842328
8637,1111.78842328
8638,1111.78842328
8639,1111.78842328
8640,1111.78842328
8641,1111.78842328
8642,1111.78842328
8643,1111.78842328
8644,1111.78842328
8645,1111.78842328
8646,1111.78842328
8647,1111.78842328
8648,1111.78842328
8649,1111.78842328
8650,1111.78842328
8651,1111.78842328
8652,1111.78842328
8653,1111.78842328
8654,1111.78842328
8655,1111.78842328
8656,1111.78842328
8657,1111.78842328
8658,1111.78842328
8659,1111.78842328
8660,1111.78842328
8661,1111.78842328
8662,1111.78842328
8663,1111.78842328
8664,1111.78842328
8665,1111.78842328
8666,1111.78842328
8667,1111.78842328
8668,1111.78842328
8669,1111.78842328
8670,1111.78842328
8671,1111.78842328
8672,1111.78842328
8673,1111.78842328
8674,1111.78842328
8675,1111.78842328
8676,1111.78842328
8677,1111.78842328
8678,1111.78842328
8679,1111.78842328
8680,1111.78842328
8681,1111.78842328
8682,1111.78842328
8683,1111.78842328
8684,1111.78842328
8685,1111.78842328
8686,1111.78842328
8687,1111.78842328
8688,1111.78842328
8689,1111.78842328
8690,1111.78842328
8691,1111.78842328
8692,1111.78842328
8693,1111.78842328
8694,1111.78842328
8695,1111.78842328
8696,1111.78842328
8697,1111.78842328
8698,1111.78842328
8699,1111.78842328
8700,1111.78842328
8701,1111.78842328
8702,1111.78842328
8703,1111.78842328
8704,1111.78842328
8705,1111.78842328
8706,1111.78842328
8707,1111.78842328
8708,1111.78842328
8709,1111.78842328
8710,1111.78842328
8711,1111.78842328
8712,1111.78842328
8713,1111.78842328
8714,1111.78842328
8715,1111.78842328
8716,1111.78842328
8717,1111.78842328
8718,1111.78842328
8719,1111.78842328
8720,1111.78842328
8721,1111.78842328
8722,1111.78842328
8723,1111.78842328
8724,1111.78842328
8725,1111.78842328
8726,1111.78842328
8727,1111.78842328
8728,1111.78842328
8729,1111.78842328
8730,1111.78842328
8731,1111.78842328
8732,1111.78842328
8733,1111.78842328
8734,1111.78842328
8735,1111.78842328
8736,1111.78842328
8737,1111.78842328
8738,1111.78842328
8739,1111.78842328
8740,1111.78842328
8741,1111.78842328
8742,1111.78842328
8743,1111.78842328
8744,1111.78842328
8745,1111.78842328
8746,1111.78842328
8747,1111.78842328
8748,1111.78842328
8749,1111.78842328
8750,1111.78842328
8751,1111.78842328
8752,1111.78842328
8753,1111.78842328
8754,1111.78842328
8755,1111.78842328
8756,1111.78842328
8757,1111.78842328
8758,1111.78842328
8759,1111.78842328
8760,1111.78842328
8761,1111.78842328
8762,1111.78842328
8763,1111.78842328
8764,1111.78842328
8765,1111.78842328
8766,1111.78842328
8767,1111.78842328
8768,1111.78842328
8769,1111.78842328
8770,1111.78842328
8771,1111.78842328
8772,1111.78842328
8773,1111.78842328
8774,1111.75643665
8775,1111.75643665
8776,1111.75643665
8777,1111.75643665
8778,1111.75643665
8779,1111.75643665
8780,1111.75643665
8781,1111.75643665
8782,1111.75643665
8783,1111.75643665
8784,1111.75643665
8785,1111.75643665
8786,1111.75643665
8787,1111.75643665
8788,1111.75643665
8789,1111.75643665
8790,1111.75643665
8791,1111.75643665
8792,1111.75643665
8793,1111.75643665
8794,1111.75643665
8795,1111.75643665
8796,1111.75643665
8797,1111.75643665
8798,1111.75643665
8799,1111.75643665
8800,1111.75643665
8801,1111.75643665
8802,1111.75643665
8803,1111.75643665
8804,1111.75643665
8805,1111.75643665
8806,1111.75643665
8807,1111.75643665
8808,1111.75643665
8809,1111.75643665
8810,1111.75643665
8811,1111.75643665
8812,1111.75643665
8813,1111.75643665
8814,1111.75643665
8815,1111.75643665
8816,1111.75643665
8817,1111.75643665
8818,1111.75643665
8819,1111.75643665
8820,1111.75643665
8821,1111.75643665
8822,1111.75643665
8823,1111.75643665
8824,1111.75643665
8825,1111.75643665
8826,1111.75643665
8827,1111.75643665
8828,1111.75643665
8829,1111.75643665
8830,1111.75643665
8831,1111.75643665
8832,1111.75643665
8833,1111.75643665
8834,1111.75643665
8835,1111.75643665
8836,1111.75643665
8837,1111.75643665
8838,1111.75643665
8839,1111.75643665
8840,1111.75643665
8841,1111.75643665
8842,1111.75643665
8843,1111.75643665
8844,1111.75643665
8845,1111.75643665
8846,1111.75643665
8847,1111.75643665
8848,1111.75643665
8849,1111.75643665
8850,1111.75643665
8851,1111.75643665
8852,1111.75643665
8853,1111.75643665
8854,1111.75643665
8855,1111.75643665
8856,1111.75643665
8857,1111.75643665
8858,1111.75643665
8859,1111.75643665
8860,1111.75643665
8861,1111.75643665
8862,1111.75643665
8863,1111.75643665
8864,1111.75643665
8865,1111.75643665
8866,1111.75643665
8867,1111.75643665
8868,1111.75643665
8869,1111.75643665
8870,1111.75643665
8871,1111.75643665
8872,1111.75643665
8873,1111.75643665
8874,1111.75643665
8875,1111.75643665
8876,1111.75643665
8877,1111.75643665
8878,1111.75643665
8879,1111.75643665
8880,1111.75643665
8881,1111.75643665
8882,1111.75643665
8883,1111.75643665
8884,1111.75643665
8885,1111.75643665
8886,1111.75643665
8887,1111.75643665
8888,1111.75643665
8889,1111.75643665
8890,1111.75643665
8891,1111.75643665
8892,1111.75643665
8893,1111.75643665
8894,1111.75643665
8895,1111.75643665
8896,1111.75456211
8897,1111.75456211
8898,1111.75456211
8899,1111.75456211
8900,1111.75456211
8901,1111.75456211
8902,1111.75456211
8903,1111.75456211
8904,1111.75456211
8905,1111.75456211
8906,1111.75456211
8907,1111.75456211
8908,1111.75456211
8909,1111.75456211
8910,1111.75456211
8911,1110.97910089
8912,1110.97910089
8913,1110.97910089
8914,1110.97910089
8915,1110.97910089
8916,1110.97910089
8917,1110.97910089
8918,1110.97910089
8919,1110.97910089
8920,1110.97910089
8921,1110.97910089
8922,1110.97910089
8923,1110.97910089
8924,1110.97910089
8925,1110.97910089
8926,1110.97910089
8927,1110.97910089
8928,1110.97910089
8929,1110.97910089
8930,1110.97910089
8931,1110.97910089
8932,1110.97910089
8933,1110.97910089
8934,1110.97910089
8935,1110.97910089
8936,1110.97910089
8937,1110.97910089
8938,1110.97910089
8939,1110.97910089
8940,1110.97910089
8941,1110.97910089
8942,1110.97910089
8943,1110.97910089
8944,1110.97910089
8945,1110.97910089
8946,1110.97910089
8947,1110.97910089
8948,1110.97910089
8949,1110.97910089
8950,1110.97910089
8951,1110.97910089
8952,1110.97910089
8953,1110.97910089
8954,1110.97910089
8955,1110.97910089
8956,1110.97910089
8957,1110.97910089
8958,1110.97910089
8959,1110.97910089
8960,1110.97910089
8961,1110.97910089
8962,1110.97910089
8963,1110.97910089
8964,1110.97910089
8965,1110.97910089
8966,1110.97910089
8967,1110.97910089
8968,1110.97910089
8969,1110.97910089
8970,1110.97910089
8971,1110.97910089
8972,1110.97910089
8973,1110.97910089
8974,1110.97910089
8975,1110.97910089
8976,1110.97910089
8977,1110.97910089
8978,1110.97910089
8979,1110.97910089
8980,1110.97910089
8981,1110.97910089
8982,1110.97910089
8983,1110.97910089
8984,1110.97910089
8985,1110.97910089
8986,1110.97910089
8987,1110.97910089
8988,1110.97910089
8989,1110.97910089
8990,1110.97910089
8991,1110.97910089
8992,1110.97910089
8993,1110.97910089
8994,1110.97910089
8995,1110.97910089
8996,1110.97910089
8997,1110.97910089
8998,1110.97910089
8999,1110.97910089
9000,1110.97910089
9001,1110.97910089
9002,1110.97910089
9003,1110.97910089
9004,1110.97910089
9005,1110.97910089
9006,1110.97910089
9007,1110.97910089
9008,1110.97910089
9009,1110.97910089
9010,1110.97910089
9011,1110.97910089
9012,1110.97910089
9013,1110.97910089
9014,1110.97910089
9015,1110.97910089
9016,1110.97910089
9017,1110.97910089
9018,1110.97910089
9019,1110.97910089
9020,1110.97910089
9021,1110.97910089
9022,1110.97910089
9023,1110.97910089
9024,1110.97910089
9025,1110.97910089
9026,1110.97910089
9027,1110.97910089
9028,1110.97910089
9029,1110.51722733
9030,1110.51722733
9031,1110.51722733
9032,1110.51722733
9033,1110.51722733
9034,1110.51722733
9035,1110.51722733
9036,1110.51722733
9037,1110.51722733
9038,1110.51722733
9039,1110.51722733
9040,1110.51722733
9041,1110.51722733
9042,1110.51722733
9043,1110.51722733
9044,1110.51722733
9045,1110.51722733
9046,1110.51722733
9047,1110.51722733
9048,1110.51722733
9049,1110.51722733
9050,1110.51722733
9051,1110.51722733
9052,1110.51722733
9053,1110.51722733
9054,1110.51722733
9055,1110.51722733
9056,1110.51722733
9057,1110.51722733
9058,1110.51722733
9059,1110.51722733
9060,1110.51722733
9061,1110.51722733
9062,1110.51722733
9063,1110.51722733
9064,1110.51722733
9065,1110.51722733
9066,1110.51722733
9067,1110.51722733
9068,1110.51722733
9069,1110.51722733
9070,1110.51722733
9071,1110.51722733
9072,1110.51722733
9073,1110.51722733
9074,1110.51722733
9075,1110.51722733
9076,1110.51722733
9077,1110.51722733
9078,1110.51722733
9079,1110.51722733
9080,1110.51722733
9081,1110.51722733
9082,1110.51722733
9083,1110.51722733
9084,1110.51722733
9085,1110.37454476
9086,1110.37454476
9087,1110.37454476
9088,1110.37454476
9089,1110.37454476
9090,1110.37454476
9091,1110.37454476
9092,1110.37454476
9093,1110.37454476
9094,1110.37454476
9095,1110.37454476
9096,1110.37454476
9097,1110.37454476
9098,1110.37454476
9099,1110.37454476
9100,1110.37454476
9101,1110.37454476
9102,1110.37454476
9103,1110.37454476
9104,1110.37454476
9105,1110.37454476
9106,1110.37454476
9107,1110.37454476
9108,1110.37454476
9109,1110.37454476
9110,1110.37454476
9111,1110.37454476
9112,1110.37454476
9113,1110.37454476
9114,1110.37454476
9115,1110.37454476
9116,1110.37454476
9117,1110.37454476
9118,1110.37454476
9119,1110.37454476
9120,1110.37454476
9121,1110.37454476
9122,1110.37454476
9123,1110.37454476
9124,1110.37454476
9125,1110.37454476
9126,1110.37454476
9127,1110.37454476
9128,1110.37454476
9129,1110.37454476
9130,1110.37454476
9131,1110.37454476
9132,1110.37454476
9133,1110.37454476
9134,1110.37454476
9135,1110.37454476
9136,1110.37454476
9137,1110.37454476
9138,1110.37454476
9139,1110.37454476
9140,1110.37454476
9141,1110.37454476
9142,1110.37454476
9143,1110.37454476
9144,1110.37454476
9145,1110.37454476
9146,1110.37454476
9147,1110.37454476
9148,1110.37454476
9149,1110.37454476
9150,1110.37454476
9151,1110.37454476
9152,1110.37454476
9153,1110.37454476
9154,1110.37454476
9155,1110.37454476
9156,1110.37454476
9157,1110.37454476
9158,1110.37454476
9159,1110.37454476
9160,1110.37454476
9161,1110.37454476
9162,1110.37454476
9163,1110.37454476
9164,1110.37454476
9165,1110.37454476
9166,1110.37454476
9167,1110.37454476
9168,1110.37454476
9169,1110.37454476
9170,1110.37454476
9171,1110.37454476
9172,1110.37454476
9173,1110.37454476
9174,1110.37454476
9175,1110.37454476
9176,1110.37454476
9177,1110.37454476
9178,1110.37454476
9179,1110.37454476
9180,1110.37454476
9181,1110.37454476
9182,1106.91586044
9183,1106.91586044
9184,1106.91586044
9185,1106.91586044
9186,1106.91586044
9187,1106.91586044
9188,1106.91586044
9189,1106.91586044
9190,1106.91586044
9191,1106.91586044
9192,1106.91586044
9193,1106.91586044
9194,1105.9342095
9195,1105.9342095
9196,1105.9342095
9197,1105.9342095
9198,1105.9342095
9199,1105.9342095
9200,1105.9342095
9201,1105.9342095
9202,1105.9342095
9203,1105.9342095
9204,1105.9342095
9205,1105.9342095
9206,1105.9342095
9207,1105.9342095
9208,1105.9342095
9209,1105.9342095
9210,1105.9342095
9211,1105.9342095
9212,1105.9342095
9213,1105.9342095
9214,1105.9342095
9215,1105.9342095
9216,1105.9342095
9217,1105.9342095
9218,1105.9342095
9219,1105.9342095
9220,1105.9342095
9221,1105.9342095
9222,1105.9342095
9223,1105.9342095
9224,1105.9342095
9225,1105.9342095
9226,1105.9342095
9227,1105.9342095
9228,1105.9342095
9229,1105.9342095
9230,1105.9342095
9231,1105.9342095
9232,1105.9342095
9233,1105.9342095
9234,1105.9342095
9235,1105.9342095
9236,1105.9342095
9237,1105.9342095
9238,1105.9342095
9239,1105.9342095
9240,1105.9342095
9241,1105.9342095
9242,1105.9342095
9243,1105.9342095
9244,1105.9342095
9245,1105.9342095
9246,1105.9342095
9247,1105.9342095
9248,1105.9342095
9249,1105.9342095
9250,1105.9342095
9251,1105.9342095
9252,1105.9342095
9253,1105.9342095
9254,1105.9342095
9255,1105.9342095
9256,1105.9342095
9257,1105.9342095
9258,1105.9342095
9259,1105.9342095
9260,1105.9342095
9261,1105.9342095
9262,1105.9342095
9263,1105.9342095
9264,1105.9342095
9265,1105.9342095
9266,1105.9342095
9267,1105.9342095
9268,1105.9342095
9269,1105.9342095
9270,1105.9342095
9271,1105.9342095
9272,1105.9342095
9273,1105.9342095
9274,1105.9342095
9275,1105.9342095
9276,1105.9342095
9277,1105.9342095
9278,1105.9342095
9279,1105.9342095
9280,1105.9342095
9281,1105.9342095
9282,1105.9342095
9283,1105.9342095
9284,1105.9342095
9285,1100.09516034
9286,1100.09516034
9287,1100.09516034
9288,1100.09516034
9289,1100.09516034
9290,1100.09516034
9291,1100.09516034
9292,1100.09516034
9293,1100.09516034
9294,1100.09516034
9295,1100.09516034
9296,1100.09516034
9297,1100.09516034
9298,1100.09516034
9299,1100.09516034
9300,1100.09516034
9301,1100.09516034
9302,1100.09516034
9303,1100.09516034
9304,1100.09516034
9305,1100.09516034
9306,1100.09516034
9307,1100.09516034
9308,1100.09516034
9309,1100.09516034
9310,1100.09516034
9311,1100.09516034
9312,1100.09516034
9313,1100.09516034
9314,1100.09516034
9315,1100.09516034
9316,1100.09516034
9317,1100.09516034
9318,1100.09516034
9319,1100.09516034
9320,1100.09516034
9321,1100.09516034
9322,1100.09516034
9323,1100.09516034
9324,1100.09516034
9325,1100.09516034
9326,1100.09516034
9327,1100.09516034
9328,1100.09516034
9329,1100.09516034
9330,1100.09516034
9331,1100.09516034
9332,1100.09516034
9333,1100.09516034
9334,1100.09516034
9335,1100.09516034
9336,1100.09516034
9337,1100.09516034
9338,1100.09516034
9339,1100.09516034
9340,1100.09516034
9341,1100.09516034
9342,1100.09516034
9343,1100.09516034
9344,1100.09516034
9345,1100.09516034
9346,1100.09516034
9347,1100.09516034
9348,1100.09516034
9349,1100.09516034
9350,1100.09516034
9351,1100.09516034
9352,1100.09516034
9353,1100.09516034
9354,1100.09516034
9355,1100.09516034
9356,1100.09516034
9357,1100.09516034
9358,1100.09516034
9359,1100.09516034
9360,1100.09516034
9361,1100.09516034
9362,1100.09516034
9363,1100.09516034
9364,1100.09516034
9365,1100.09516034
9366,1100.09516034
9367,1100.09516034
9368,1100.09516034
9369,1100.09516034
9370,1100.09516034
9371,1100.09516034
9372,1100.09516034
9373,1100.09516034
9374,1100.09516034
9375,1100.09516034
9376,1100.09516034
9377,1100.09516034
9378,1100.09516034
9379,1100.09516034
9380,1100.09516034
9381,1100.09516034
9382,1100.09516034
9383,1100.09516034
9384,1100.09516034
9385,1100.09516034
9386,1100.09516034
9387,1100.09516034
9388,1100.09516034
9389,1100.09516034
9390,1100.09516034
9391,1100.09516034
9392,1100.09516034
9393,1100.09516034
9394,1100.09516034
9395,1100.09516034
9396,1100.09516034
9397,1100.09516034
9398,1100.09516034
9399,1100.09516034
9400,1100.09516034
9401,1100.09516034
9402,1100.09516034
9403,1100.09516034
9404,1100.09516034
9405,1100.09516034
9406,1100.09516034
9407,1100.09516034
9408,1100.09516034
9409,1100.09516034
9410,1100.09516034
9411,1100.09516034
9412,1100.09516034
9413,1100.09516034
9414,1100.09516034
9415,1100.09516034
9416,1100.09516034
9417,1100.09516034
9418,1100.09516034
9419,1100.09516034
9420,1100.09516034
9421,1100.09516034
9422,1100.09516034
9423,1100.09516034
9424,1100.09516034
9425,1100.09516034
9426,1100.09516034
9427,1100.09516034
9428,1100.09516034
9429,1100.09516034
9430,1100.09516034
9431,1100.09516034
9432,1100.09516034
9433,1100.09516034
9434,1100.09516034
9435,1100.09516034
9436,1100.09516034
9437,1100.09516034
9438,1100.09516034
9439,1100.09516034
9440,1100.09516034
9441,1100.09516034
9442,1100.09516034
9443,1100.09516034
9444,1100.09516034
9445,1100.09516034
9446,1100.09516034
9447,1100.09516034
9448,1100.09516034
9449,1100.09516034
9450,1100.09516034
9451,1100.09516034
9452,1100.09516034
9453,1100.09516034
9454,1100.09516034
9455,1100.09516034
9456,1100.09516034
9457,1100.06325317
9458,1100.06325317
9459,1100.06325317
9460,1100.06325317
9461,1100.06325317
9462,1100.06325317
9463,1100.06325317
9464,1100.06325317
9465,1100.06325317
9466,1100.06325317
9467,1100.06325317
9468,1100.06325317
9469,1100.06325317
9470,1100.06325317
9471,1100.06325317
9472,1100.06325317
9473,1100.06325317
9474,1100.06325317
9475,1100.06325317
9476,1100.06325317
9477,1100.06325317
9478,1100.06325317
9479,1100.06325317
9480,1100.06325317
9481,1100.06325317
9482,1100.06325317
9483,1100.06325317
9484,1100.06325317
9485,1100.06325317
9486,1100.06325317
9487,1100.06325317
9488,1100.06325317
9489,1100.06325317
9490,1100.06325317
9491,1100.06325317
9492,1100.06325317
9493,1100.06325317
9494,1100.06325317
9495,1100.06325317
9496,1100.06325317
9497,1100.06325317
9498,1100.06325317
9499,1100.06325317
9500,1100.06325317
9501,1100.06325317
9502,1100.06325317
9503,1100.06325317
9504,1100.06325317
9505,1100.06325317
9506,1100.06325317
9507,1100.06325317
9508,1100.06325317
9509,1100.06325317
9510,1100.06325317
9511,1100.06325317
9512,1100.06325317
9513,1100.06325317
9514,1100.06325317
9515,1100.06325317
9516,1100.06325317
9517,1100.06325317
9518,1098.47633082
9519,1098.47633082
9520,1098.47633082
9521,1098.47633082
9522,1098.47633082
9523,1098.47633082
9524,1098.47633082
9525,1098.47633082
9526,1098.47633082
9527,1098.47633082
9528,1098.47633082
9529,1098.47633082
9530,1098.47633082
9531,1098.47633082
9532,1098.47633082
9533,1098.47633082
9534,1098.47633082
9535,1098.47633082
9536,1098.47633082
9537,1098.47633082
9538,1098.47633082
9539,1098.47633082
9540,1098.47633082
9541,1098.47633082
9542,1098.47633082
9543,1098.47633082
9544,1098.47633082
9545,1098.47633082
9546,1098.47633082
9547,1098.47633082
9548,1098.47633082
9549,1098.47633082
9550,1098.47633082
9551,1098.47633082
9552,1098.47633082
9553,1098.47633082
9554,1098.47633082
9555,1098.47633082
9556,1098.47633082
9557,1098.47633082
9558,1098.47633082
9559,1098.47633082
9560,1098.47633082
9561,1098.47633082
9562,1098.47633082
9563,1098.47633082
9564,1098.47633082
9565,1098.47633082
9566,1098.47633082
9567,1098.47633082
9568,1098.47633082
9569,1098.47633082
9570,1098.47633082
9571,1098.47633082
9572,1098.47633082
9573,1098.47633082
9574,1098.47633082
9575,1098.47633082
9576,1098.47633082
9577,1098.47633082
9578,1098.47633082
9579,1098.47633082
9580,1098.47633082
9581,1098.47633082
9582,1098.47633082
9583,1098.47633082
9584,1098.47633082
9585,1098.47633082
9586,1098.47633082
9587,1098.47633082
9588,1098.47633082
9589,1098.47633082
9590,1098.47633082
9591,1098.47633082
9592,1098.47633082
9593,1098.47633082
9594,1098.47633082
9595,1098.47633082
9596,1098.47633082
9597,1098.47633082
9598,1098.47633082
9599,1098.47633082
9600,1098.47633082
9601,1098.47633082
9602,1098.47633082
9603,1098.47633082
9604,1098.47633082
9605,1098.47633082
9606,1098.47633082
9607,1098.47633082
9608,1098.47633082
9609,1098.47633082
9610,1098.47633082
9611,1098.47633082
9612,1098.47633082
9613,1098.47633082
9614,1098.47633082
9615,1098.47633082
9616,1098.47633082
9617,1098.47633082
9618,1098.47633082
9619,1098.47633082
9620,1098.47633082
9621,1098.47633082
9622,1098.47633082
9623,1098.47633082
9624,1098.47633082
9625,1098.47633082
9626,1098.47633082
9627,1098.47633082
9628,1098.47633082
9629,1098.47633082
9630,1098.47633082
9631,1098.47633082
9632,1098.47633082
9633,1098.47633082
9634,1098.47633082
9635,1098.47633082
9636,1098.47633082
9637,1098.47633082
9638,1098.47633082
9639,1098.47633082
9640,1098.47633082
9641,1098.47633082
9642,1098.47633082
9643,1098.47633082
9644,1098.47633082
9645,1098.47633082
9646,1098.47633082
9647,1098.47633082
9648,1098.47633082
9649,1098.47633082
9650,1098.47633082
9651,1098.47633082
9652,1098.47633082
9653,1098.47633082
9654,1098.47633082
9655,1098.47633082
9656,1098.47633082
9657,1098.47633082
9658,1098.47633082
9659,1098.47633082
9660,1098.47633082
9661,1098.47633082
9662,1098.47633082
9663,1098.47633082
9664,1098.47633082
9665,1098.47633082
9666,1098.47633082
9667,1098.47633082
9668,1098.47633082
9669,1098.47633082
9670,1098.47633082
9671,1098.47633082
9672,1098.47633082
9673,1098.47633082
9674,1098.47633082
9675,1098.47633082
9676,1098.47633082
9677,1098.47633082
9678,1098.47633082
9679,1098.47633082
9680,1098.47633082
9681,1098.47633082
9682,1098.47633082
9683,1098.47633082
9684,1098.47633082
9685,1098.47633082
9686,1098.47633082
9687,1098.47633082
9688,1098.47633082
9689,1098.47633082
9690,1098.47633082
9691,1098.47633082
9692,1098.47633082
9693,1098.47633082
9694,1098.47633082
9695,1098.47633082
9696,1098.47633082
9697,1098.47633082
9698,1098.47633082
9699,1098.47633082
9700,1098.47633082
9701,1098.47633082
9702,1098.47633082
9703,1098.47633082
9704,1098.47633082
9705,1098.47633082
9706,1098.47633082
9707,1098.47633082
9708,1098.47633082
9709,1098.47633082
9710,1098.47633082
9711,1098.47633082
9712,1098.47633082
9713,1098.47633082
9714,1098.47633082
9715,1098.47633082
9716,1098.47633082
9717,1098.47633082
9718,1098.47633082
9719,1098.47633082
9720,1098.47633082
9721,1098.47633082
9722,1098.47633082
9723,1098.47633082
9724,1098.47633082
9725,1098.47633082
9726,1098.47633082
9727,1098.47633082
9728,1098.47633082
9729,1098.47633082
9730,1098.47633082
9731,1098.47633082
9732,1098.47633082
9733,1098.47633082
9734,1098.47633082
9735,1098.47633082
9736,1098.47633082
9737,1098.47633082
9738,1098.47633082
9739,1098.47633082
9740,1098.47633082
9741,1098.47633082
9742,1098.47633082
9743,1098.47633082
9744,1098.47633082
9745,1098.47633082
9746,1098.47633082
9747,1098.47633082
9748,1098.47633082
9749,1098.47633082
9750,1098.47633082
9751,1098.47633082
9752,1098.47633082
9753,1098.47633082
9754,1098.47633082
9755,1098.47633082
9756,1098.47633082
9757,1098.47633082
9758,1098.47633082
9759,1098.47633082
9760,1098.47633082
9761,1098.47633082
9762,1098.47633082
9763,1098.47633082
9764,1098.47633082
9765,1098.47633082
9766,1098.47633082
9767,1097.4193756
9768,1097.4193756
9769,1097.4193756
9770,1097.4193756
9771,1097.4193756
9772,1097.4193756
9773,1097.4193756
9774,1097.4193756
9775,1097.4193756
9776,1097.4193756
9777,1097.4193756
9778,1097.4193756
9779,1097.4193756
9780,1097.4193756
9781,1097.4193756
9782,1097.4193756
9783,1097.4193756
9784,1097.4193756
9785,1097.4193756
9786,1097.4193756
9787,1097.4193756
9788,1097.4193756
9789,1097.4193756
9790,1097.4193756
9791,1097.4193756
9792,1097.4193756
9793,1097.4193756
9794,1097.4193756
9795,1097.4193756
9796,1097.4193756
9797,1097.4193756
9798,1097.4193756
9799,1097.4193756
9800,1096.91560465
9801,1096.91560465
9802,1096.91560465
9803,1096.91560465
9804,1096.91560465
9805,1096.91560465
9806,1096.91560465
9807,1096.91560465
9808,1096.91560465
9809,1096.91560465
9810,1096.91560465
9811,1096.91560465
9812,1096.91560465
9813,1096.91560465
9814,1096.91560465
9815,1096.91560465
9816,1096.91560465
9817,1096.91560465
9818,1096.91560465
9819,1096.91560465
9820,1096.91560465
9821,1096.91560465
9822,1096.91560465
9823,1096.91560465
9824,1096.91560465
9825,1096.91560465
9826,1096.91560465
9827,1096.91560465
9828,1096.91560465
9829,1096.91560465
9830,1096.91560465
9831,1096.91560465
9832,1096.91560465
9833,1096.91560465
9834,1096.91560465
9835,1096.91560465
9836,1096.91560465
9837,1096.91560465
9838,1096.91560465
9839,1096.91560465
9840,1096.91560465
9841,1096.91560465
9842,1096.91560465
9843,1096.91560465
9844,1096.91560465
9845,1096.91560465
9846,1095.37093863
9847,1095.37093863
9848,1095.37093863
9849,1095.37093863
9850,1095.37093863
9851,1095.37093863
9852,1095.37093863
9853,1095.37093863
9854,1095.37093863
9855,1095.37093863
9856,1095.37093863
9857,1095.37093863
9858,1095.37093863
9859,1095.37093863
9860,1095.37093863
9861,1095.37093863
9862,1095.37093863
9863,1095.37093863
9864,1095.37093863
9865,1095.37093863
9866,1095.37093863
9867,1095.37093863
9868,1095.37093863
9869,1095.37093863
9870,1095.37093863
9871,1095.37093863
9872,1095.37093863
9873,1095.37093863
9874,1095.37093863
9875,1095.37093863
9876,1095.37093863
9877,1095.37093863
9878,1095.37093863
9879,1095.37093863
9880,1095.37093863
9881,1095.37093863
9882,1095.37093863
9883,1095.37093863
9884,1095.37093863
9885,1095.2069269
9886,1095.2069269
9887,1095.2069269
9888,1095.2069269
9889,1095.2069269
9890,1095.2069269
9891,1095.2069269
9892,1095.2069269
9893,1095.2069269
9894,1095.2069269
9895,1095.2069269
9896,1095.2069269
9897,1095.2069269
9898,1095.2069269
9899,1095.2069269
9900,1095.2069269
9901,1095.2069269
9902,1095.2069269
9903,1095.2069269
9904,1095.2069269
9905,1095.2069269
9906,1095.2069269
9907,1095.2069269
9908,1095.2069269
9909,1095.2069269
9910,1095.2069269
9911,1095.2069269
9912,1095.2069269
9913,1095.2069269
9914,1095.2069269
9915,1095.2069269
9916,1095.2069269
9917,1095.2069269
9918,1095.2069269
9919,1095.2069269
9920,1095.2069269
9921,1095.2069269
9922,1095.2069269
9923,1095.2069269
9924,1095.2069269
9925,1095.2069269
9926,1095.2069269
9927,1095.2069269
9928,1095.2069269
9929,1095.2069269
9930,1095.2069269
9931,1095.2069269
9932,1095.2069269
9933,1095.2069269
9934,1095.2069269
9935,1095.2069269
9936,1095.2069269
9937,1095.2069269
9938,1095.2069269
9939,1095.2069269
9940,1095.2069269
9941,1095.2069269
9942,1095.2069269
9943,1095.2069269
9944,1095.2069269
9945,1095.2069269
9946,1095.2069269
9947,1095.2069269
9948,1095.2069269
9949,1095.2069269
9950,1095.2069269
9951,1095.2069269
9952,1095.2069269
9953,1095.2069269
9954,1095.2069269
9955,1095.2069269
9956,1095.2069269
9957,1095.2069269
9958,1095.2069269
9959,1095.2069269
9960,1095.2069269
9961,1095.2069269
9962,1095.2069269
9963,1095.2069269
9964,1095.2069269
9965,1095.2069269
9966,1095.17577279
9967,1095.17577279
9968,1095.17577279
9969,1095.17577279
9970,1095.17577279
9971,1095.17577279
9972,1095.17577279
9973,1095.17577279
9974,1095.17577279
9975,1095.1717895
9976,1095.1717895
9977,1095.1717895
9978,1095.1717895
9979,1095.1717895
9980,1095.1717895
9981,1095.1717895
9982,1095.1717895
9983,1095.1717895
9984,1095.1717895
9985,1095.1717895
9986,1095.1717895
9987,1095.1717895
9988,1095.1717895
9989,1095.1717895
9990,1095.1717895
9991,1095.1717895
9992,1095.1717895
9993,1095.1717895
9994,1095.1717895
9995,1095.1717895
9996,1095.1717895
9997,1095.1717895
9998,1095.1717895
9999,1095.1717895
10000,1095.1717895
10001,1095.1717895
10002,1095.1717895
10003,1095.1717895
10004,1095.1717895
10005,1095.1717895
10006,1095.1717895
10007,1095.1717895
10008,1095.1717895
10009,1095.1717895
10010,1095.1717895
10011,1095.1717895
10012,1095.1717895
10013,1095.1717895
10014,1095.1717895
10015,1095.1717895
10016,1095.1717895
10017,1095.1717895
10018,1095.1717895
10019,1095.1717895
10020,1095.1717895
10021,1095.1717895
10022,1095.1717895
10023,1095.1717895
10024,1095.1717895
10025,1095.1717895
10026,1095.1717895
10027,1095.1717895
10028,1095.1717895
10029,1095.1717895
10030,1095.1717895
10031,1095.1717895
10032,1095.1717895
10033,1095.1717895
10034,1095.1717895
10035,1095.1717895
10036,1095.1717895
10037,1095.1717895
10038,1095.1717895
10039,1095.1717895
10040,1095.1717895
10041,1095.1717895
10042,1095.1717895
10043,1095.1717895
10044,1095.1717895
10045,1095.1717895
10046,1095.1717895
10047,1095.1717895
10048,1095.1717895
10049,1095.1717895
10050,1095.1717895
10051,1095.1717895
10052,1095.1717895
10053,1095.1717895
10054,1095.1717895
10055,1095.1717895
10056,1095.1717895
10057,1095.1717895
10058,1095.1717895
10059,1095.1717895
10060,1095.1717895
10061,1095.1717895
10062,1095.1717895
10063,1095.1717895
10064,1095.1717895
10065,1095.1717895
10066,1095.1717895
10067,1095.1717895
10068,1095.1717895
10069,1095.1717895
10070,1095.1717895
10071,1095.1717895
10072,1095.1717895
10073,1095.1717895
10074,1095.1717895
10075,1095.1717895
10076,1095.1717895
10077,1095.1717895
10078,1095.1717895
10079,1095.1717895
10080,1095.1717895
10081,1095.1717895
10082,1095.1717895
10083,1095.1717895
10084,1095.1717895
10085,1095.1717895
10086,1095.1717895
10087,1095.1717895
10088,1095.1717895
10089,1095.1717895
10090,1095.1717895
10091,1095.1717895
10092,1095.1717895
10093,1095.1717895
10094,1093.48613773
10095,1093.48613773
10096,1093.48613773
10097,1093.48613773
10098,1093.48613773
10099,1093.48613773
10100,1093.48613773
10101,1093.48613773
10102,1093.48613773
10103,1093.48613773
10104,1093.48613773
10105,1093.48613773
10106,1093.48613773
10107,1093.48613773
10108,1093.48613773
10109,1093.48613773
10110,1093.48613773
10111,1093.48613773
10112,1093.48613773
10113,1093.48613773
10114,1093.48613773
10115,1093.48613773
10116,1093.48613773
10117,1093.48613773
10118,1093.48613773
10119,1093.48613773
10120,1093.48613773
10121,1093.48613773
10122,1093.48613773
10123,1093.48613773
10124,1093.48613773
10125,1093.48613773
10126,1093.48613773
10127,1093.48613773
10128,1093.48613773
10129,1093.48613773
10130,1093.48613773
10131,1093.48613773
10132,1093.48613773
10133,1093.48613773
10134,1093.48613773
10135,1093.48613773
10136,1093.48613773
10137,1093.48613773
10138,1093.48613773
10139,1093.48613773
10140,1093.48613773
10141,1093.48613773
10142,1093.48613773
10143,1093.48613773
10144,1093.48613773
10145,1093.48613773
10146,1093.48613773
10147,1093.48613773
10148,1093.48613773
10149,1093.48613773
10150,1086.90510447
10151,1086.90510447
10152,1086.90510447
10153,1086.90510447
10154,1086.90510447
10155,1086.90510447
10156,1086.90510447
10157,1086.90510447
10158,1086.90510447
10159,1086.90510447
10160,1086.90510447
10161,1086.90510447
10162,1086.90510447
10163,1086.90510447
10164,1086.90510447
10165,1086.90510447
10166,1086.90510447
10167,1086.90510447
10168,1086.90510447
10169,1086.90510447
10170,1086.90510447
10171,1086.90510447
10172,1086.90510447
10173,1086.90510447
10174,1086.90510447
10175,1086.90510447
10176,1086.90510447
10177,1086.90510447
10178,1086.90510447
10179,1086.90510447
10180,1086.90510447
10181,1086.90510447
10182,1086.90510447
10183,1086.90510447
10184,1086.90510447
10185,1086.90510447
10186,1086.90510447
10187,1086.90510447
10188,1086.90510447
10189,1086.90510447
10190,1086.90510447
10191,1086.90510447
10192,1086.90510447
10193,1086.90510447
10194,1086.90510447
10195,1086.90510447
10196,1086.90510447
10197,1086.90510447
10198,1086.90510447
10199,1086.90510447
10200,1086.90510447
10201,1086.90510447
10202,1086.90510447
10203,1086.90510447
10204,1086.90510447
10205,1081.84702661
10206,1081.84702661
10207,1081.84702661
10208,1081.84702661
10209,1081.84702661
10210,1081.84702661
10211,1081.84702661
10212,1081.84702661
10213,1081.84702661
10214,1081.84702661
10215,1081.84702661
10216,1081.84702661
10217,1081.84702661
10218,1081.84702661
10219,1081.84702661
10220,1081.84702661
10221,1081.84702661
10222,1081.84702661
10223,1081.84702661
10224,1081.84702661
10225,1081.84702661
10226,1081.84702661
10227,1081.84702661
10228,1081.84702661
10229,1081.84702661
10230,1081.84702661
10231,1081.84702661
10232,1081.84702661
10233,1081.84702661
10234,1081.84702661
10235,1081.84702661
10236,1081.84702661
10237,1081.84702661
10238,1081.84702661
10239,1081.84702661
10240,1081.84702661
10241,1081.64574329
10242,1081.64574329
10243,1081.64574329
10244,1081.64574329
10245,1081.64574329
10246,1081.64574329
10247,1081.64574329
10248,1081.64574329
10249,1081.64574329
10250,1081.64574329
10251,1081.64574329
10252,1081.64574329
10253,1081.64574329
10254,1081.64574329
10255,1081.64574329
10256,1081.64574329
10257,1081.64574329
10258,1081.64574329
10259,1081.64574329
10260,1081.64574329
10261,1081.64574329
10262,1078.25088709
10263,1078.25088709
10264,1078.25088709
10265,1078.25088709
10266,1078.25088709
10267,1078.25088709
10268,1078.25088709
10269,1078.25088709
10270,1078.25088709
10271,1078.25088709
10272,1078.25088709
10273,1078.25088709
10274,1078.25088709
10275,1078.25088709
10276,1078.25088709
10277,1078.25088709
10278,1078.25088709
10279,1078.25088709
10280,1078.25088709
10281,1078.25088709
10282,1078.25088709
10283,1078.25088709
10284,1078.25088709
10285,1078.25088709
10286,1078.25088709
10287,1078.25088709
10288,1078.25088709
10289,1078.25088709
10290,1078.25088709
10291,1078.25088709
10292,1078.25088709
10293,1078.25088709
10294,1078.25088709
10295,1078.25088709
10296,1078.25088709
10297,1078.25088709
10298,1078.25088709
10299,1078.25088709
10300,1078.25088709
10301,1078.25088709
10302,1078.25088709
10303,1078.25088709
10304,1078.25088709
10305,1078.25088709
10306,1078.25088709
10307,1078.25088709
10308,1078.25088709
10309,1078.25088709
10310,1078.25088709
10311,1078.25088709
10312,1078.25088709
10313,1078.25088709
10314,1078.25088709
10315,1078.25088709
10316,1078.25088709
10317,1078.25088709
10318,1078.25088709
10319,1078.25088709
10320,1078.25088709
10321,1078.25088709
10322,1078.25088709
10323,1078.25088709
10324,1078.25088709
10325,1078.25088709
10326,1078.25088709
10327,1078.25088709
10328,1078.25088709
10329,1078.25088709
10330,1078.25088709
10331,1078.25088709
10332,1078.25088709
10333,1078.25088709
10334,1078.25088709
10335,1078.25088709
10336,1078.25088709
10337,1078.25088709
10338,1078.25088709
10339,1078.25088709
10340,1078.25088709
10341,1078.25088709
10342,1078.25088709
10343,1078.25088709
10344,1078.25088709
10345,1078.25088709
10346,1078.25088709
10347,1078.25088709
10348,1078.25088709
10349,1078.25088709
10350,1078.25088709
10351,1078.25088709
10352,1078.25088709
10353,1078.25088709
10354,1078.25088709
10355,1078.25088709
10356,1078.25088709
10357,1078.25088709
10358,1078.25088709
10359,1078.25088709
10360,1078.25088709
10361,1078.25088709
10362,1078.25088709
10363,1078.25088709
10364,1078.25088709
10365,1078.25088709
10366,1078.25088709
10367,1078.25088709
10368,1078.25088709
10369,1078.25088709
10370,1078.25088709
10371,1078.25088709
10372,1078.25088709
10373,1078.25088709
10374,1078.25088709
10375,1078.25088709
10376,1078.25088709
10377,1078.25088709
10378,1078.25088709
10379,1078.25088709
10380,1078.25088709
10381,1078.25088709
10382,1078.25088709
10383,1078.25088709
10384,1078.25088709
10385,1078.25088709
10386,1078.25088709
10387,1078.25088709
10388,1078.25088709
10389,1078.25088709
10390,1078.25088709
10391,1078.25088709
10392,1078.25088709
10393,1078.25088709
10394,1078.25088709
10395,1078.25088709
10396,1078.25088709
10397,1078.25088709
10398,1078.25088709
10399,1078.25088709
10400,1078.25088709
10401,1078.25088709
10402,1078.25088709
10403,1078.25088709
10404,1078.25088709
10405,1078.25088709
10406,1078.25088709
10407,1078.25088709
10408,1078.25088709
10409,1078.25088709
10410,1078.25088709
10411,1078.25088709
10412,1078.25088709
10413,1078.25088709
10414,1078.25088709
10415,1078.25088709
10416,1078.25088709
10417,1078.25088709
10418,1078.25088709
10419,1078.25088709
10420,1078.25088709
10421,1078.25088709
10422,1078.25088709
10423,1078.25088709
10424,1078.25088709
10425,1078.25088709
10426,1078.25088709
10427,1078.25088709
10428,1078.25088709
10429,1078.25088709
10430,1078.25088709
10431,1078.25088709
10432,1078.25088709
10433,1078.25088709
10434,1078.25088709
10435,1078.25088709
10436,1078.25088709
10437,1078.25088709
10438,1078.25088709
10439,1078.25088709
10440,1078.25088709
10441,1078.25088709
10442,1078.25088709
10443,1078.25088709
10444,1078.25088709
10445,1078.25088709
10446,1078.25088709
10447,1078.25088709
10448,1078.25088709
10449,1078.25088709
10450,1078.25088709
10451,1078.25088709
10452,1078.25088709
10453,1078.25088709
10454,1078.25088709
10455,1078.25088709
10456,1078.25088709
10457,1078.25088709
10458,1078.25088709
10459,1078.25088709
10460,1078.25088709
10461,1078.25088709
10462,1078.25088709
10463,1078.25088709
10464,1078.25088709
10465,1078.25088709
10466,1078.25088709
10467,1078.25088709
10468,1078.25088709
10469,1078.25088709
10470,1078.25088709
10471,1078.25088709
10472,1078.25088709
10473,1078.25088709
10474,1078.25088709
10475,1078.25088709
10476,1078.25088709
10477,1078.25088709
10478,1078.25088709
10479,1078.25088709
10480,1078.25088709
10481,1078.25088709
10482,1078.25088709
10483,1078.25088709
10484,1078.25088709
10485,1078.25088709
10486,1078.25088709
10487,1078.25088709
10488,1078.25088709
10489,1078.25088709
10490,1078.25088709
10491,1078.25088709
10492,1078.25088709
10493,1078.25088709
10494,1078.25088709
10495,1078.25088709
10496,1078.25088709
10497,1078.25088709
10498,1078.25088709
10499,1078.25088709
10500,1078.25088709
10501,1078.03618643
10502,1078.03618643
10503,1078.03618643
10504,1078.03618643
10505,1078.03618643
10506,1078.03618643
10507,1078.03618643
10508,1078.03618643
10509,1078.03618643
10510,1078.03618643
10511,1078.03618643
10512,1078.03618643
10513,1078.03618643
10514,1078.03618643
10515,1078.03618643
10516,1078.03618643
10517,1078.03618643
10518,1078.03618643
10519,1078.03618643
10520,1078.03618643
10521,1078.03618643
10522,1078.03618643
10523,1078.03618643
10524,1078.03618643
10525,1078.03618643
10526,1078.03618643
10527,1078.03618643
10528,1078.03618643
10529,1078.03618643
10530,1078.03618643
10531,1078.03618643
10532,1078.03618643
10533,1078.03618643
10534,1078.03618643
10535,1078.03618643
10536,1078.03618643
10537,1078.03618643
10538,1078.03618643
10539,1078.03618643
10540,1078.03618643
10541,1078.03618643
10542,1078.03618643
10543,1078.03618643
10544,1078.03618643
10545,1078.03618643
10546,1078.03618643
10547,1078.03618643
10548,1078.03618643
10549,1078.03618643
10550,1078.03618643
10551,1078.03618643
10552,1078.03618643
10553,1078.03618643
10554,1078.03618643
10555,1078.03618643
10556,1078.03618643
10557,1078.03618643
10558,1078.03618643
10559,1078.03618643
10560,1078.03618643
10561,1078.03618643
10562,1078.03618643
10563,1078.03618643
10564,1078.03618643
10565,1078.03618643
10566,1078.03618643
10567,1078.03618643
10568,1078.03618643
10569,1077.96906925
10570,1077.96906925
10571,1077.96906925
10572,1077.96906925
10573,1077.96906925
10574,1077.96906925
10575,1077.96906925
10576,1077.96906925
10577,1077.96906925
10578,1077.96906925
10579,1077.96906925
10580,1077.96906925
10581,1077.96906925
10582,1077.96906925
10583,1077.96906925
10584,1077.96906925
10585,1077.96906925
10586,1077.96906925
10587,1077.96906925
10588,1077.96906925
10589,1077.96906925
10590,1077.96906925
10591,1077.96906925
10592,1077.96906925
10593,1077.96906925
10594,1077.96906925
10595,1077.96906925
10596,1077.96906925
10597,1077.96906925
10598,1077.96906925
10599,1077.96906925
10600,1077.96906925
10601,1077.96906925
10602,1077.96906925
10603,1077.96906925
10604,1077.96906925
10605,1077.96906925
10606,1077.96906925
10607,1077.96906925
10608,1077.96906925
10609,1077.96906925
10610,1077.96906925
10611,1077.96906925
10612,1077.96906925
10613,1077.96906925
10614,1077.96906925
10615,1077.96906925
10616,1077.96906925
10617,1077.96906925
10618,1077.96906925
10619,1077.96906925
10620,1077.96906925
10621,1077.96906925
10622,1077.96906925
10623,1077.96906925
10624,1077.96906925
10625,1077.96906925
10626,1077.96906925
10627,1077.96906925
10628,1077.96906925
10629,1077.96906925
10630,1077.96906925
10631,1077.96906925
10632,1077.96906925
10633,1077.96906925
10634,1077.96906925
10635,1077.96906925
10636,1077.96906925
10637,1077.96906925
10638,1077.96906925
10639,1077.96906925
10640,1077.96906925
10641,1077.96906925
10642,1077.96906925
10643,1077.96906925
10644,1077.96906925
10645,1077.96906925
10646,1077.96906925
10647,1077.96906925
10648,1077.96906925
10649,1077.96906925
10650,1077.96906925
10651,1077.96906925
10652,1077.96906925
10653,1077.96906925
10654,1077.96906925
10655,1077.96906925
10656,1077.96906925
10657,1077.96906925
10658,1077.96906925
10659,1077.96906925
10660,1077.78878467
10661,1077.78878467
10662,1077.78878467
10663,1076.97969348
10664,1076.97969348
10665,1076.97969348
10666,1076.97969348
10667,1076.97969348
10668,1076.97969348
10669,1076.97969348
10670,1076.97969348
10671,1076.97969348
10672,1076.97969348
10673,1076.97969348
10674,1076.97969348
10675,1076.97969348
10676,1076.97969348
10677,1076.97969348
10678,1076.97969348
10679,1076.97969348
10680,1076.97969348
10681,1076.97969348
10682,1076.97969348
10683,1076.97969348
10684,1076.97969348
10685,1076.97969348
10686,1076.97969348
10687,1076.97969348
10688,1076.97969348
10689,1076.97969348
10690,1076.97969348
10691,1076.97969348
10692,1076.97969348
10693,1076.97969348
10694,1076.97969348
10695,1076.97969348
10696,1076.97969348
10697,1076.97969348
10698,1076.97969348
10699,1076.97969348
10700,1076.97969348
10701,1076.97969348
10702,1076.97969348
10703,1076.97969348
10704,1076.97969348
10705,1076.97969348
10706,1076.97969348
10707,1076.97969348
10708,1076.97969348
10709,1076.97969348
10710,1076.97969348
10711,1076.97969348
10712,1076.97969348
10713,1076.97969348
10714,1076.97969348
10715,1076.97969348
10716,1076.97969348
10717,1076.97969348
10718,1076.97969348
10719,1076.97969348
10720,1076.97969348
10721,1076.97969348
10722,1076.97969348
10723,1076.97969348
10724,1076.97969348
10725,1076.97969348
10726,1076.97969348
10727,1076.97969348
10728,1076.97969348
10729,1076.97969348
10730,1076.97969348
10731,1076.97969348
10732,1076.97969348
10733,1076.97969348
10734,1076.97969348
10735,1076.97969348
10736,1076.97969348
10737,1076.97969348
10738,1076.97969348
10739,1076.97969348
10740,1076.97969348
10741,1076.97969348
10742,1076.97969348
10743,1076.97969348
10744,1076.97969348
10745,1076.94914444
10746,1076.94914444
10747,1076.94914444
10748,1076.94914444
10749,1076.94914444
10750,1076.94914444
10751,1076.94914444
10752,1076.94914444
10753,1076.94914444
10754,1076.94914444
10755,1076.94914444
10756,1076.94914444
10757,1076.94914444
10758,1076.94914444
10759,1076.94914444
10760,1076.94914444
10761,1076.94914444
10762,1076.94914444
10763,1076.94914444
10764,1076.94914444
10765,1076.94914444
10766,1076.94914444
10767,1076.94914444
10768,1076.94914444
10769,1076.94914444
10770,1076.94914444
10771,1076.94914444
10772,1076.94914444
10773,1076.94914444
10774,1076.94914444
10775,1076.94914444
10776,1076.94914444
10777,1076.94914444
10778,1076.94914444
10779,1076.94914444
10780,1076.94914444
10781,1076.94914444
10782,1076.94914444
10783,1076.94914444
10784,1076.94914444
10785,1076.94914444
10786,1076.94914444
10787,1076.94914444
10788,1076.94914444
10789,1076.94914444
10790,1076.94914444
10791,1076.94914444
10792,1076.94914444
10793,1076.94914444
10794,1076.94914444
10795,1076.94914444
10796,1076.94914444
10797,1076.94914444
10798,1076.94914444
10799,1076.94914444
10800,1076.94914444
10801,1076.94914444
10802,1076.94914444
10803,1076.94914444
10804,1076.94914444
10805,1076.94914444
10806,1076.94914444
10807,1076.94914444
10808,1076.94914444
10809,1076.94914444
10810,1076.94914444
10811,1076.94914444
10812,1076.94914444
10813,1076.94914444
10814,1076.94914444
10815,1076.94914444
10816,1076.94914444
10817,1076.94914444
10818,1076.94914444
10819,1076.94914444
10820,1076.94914444
10821,1076.94914444
10822,1076.94914444
10823,1076.94914444
10824,1076.94914444
10825,1076.94914444
10826,1076.94914444
10827,1076.94914444
10828,1076.94914444
10829,1076.94914444
10830,1076.94914444
10831,1076.94914444
10832,1076.94914444
10833,1076.94914444
10834,1076.94914444
10835,1076.94914444
10836,1076.94914444
10837,1076.94914444
10838,1076.94914444
10839,1076.94914444
10840,1076.94914444
10841,1076.94914444
10842,1076.94914444
10843,1076.94914444
10844,1076.94914444
10845,1076.94914444
10846,1076.94914444
10847,1076.94914444
10848,1076.94914444
10849,1076.94914444
10850,1076.94914444
10851,1076.94914444
10852,1076.94914444
10853,1076.94914444
10854,1076.94914444
10855,1076.94914444
10856,1076.94914444
10857,1076.94914444
10858,1076.94914444
10859,1076.94914444
10860,1076.94914444
10861,1076.94914444
10862,1076.94914444
10863,1076.94914444
10864,1076.94914444
10865,1076.94914444
10866,1076.94914444
10867,1076.94914444
10868,1076.94914444
10869,1076.94914444
10870,1076.94914444
10871,1076.94914444
10872,1076.94914444
10873,1076.94914444
10874,1076.94914444
10875,1076.94914444
10876,1076.94914444
10877,1076.94914444
10878,1076.94914444
10879,1076.94914444
10880,1076.94914444
10881,1076.94914444
10882,1076.94914444
10883,1076.94914444
10884,1076.94914444
10885,1076.94914444
10886,1076.94914444
10887,1076.94914444
10888,1076.94914444
10889,1076.94914444
10890,1076.94914444
10891,1076.94914444
10892,1076.94914444
10893,1076.94914444
10894,1076.94914444
10895,1076.94914444
10896,1076.94914444
10897,1076.94914444
10898,1076.94914444
10899,1076.94914444
10900,1076.94914444
10901,1076.94914444
10902,1076.94914444
10903,1076.94914444
10904,1076.94914444
10905,1076.94914444
10906,1076.94914444
10907,1076.94914444
10908,1076.94914444
10909,1076.94914444
10910,1076.94914444
10911,1076.94914444
10912,1076.94914444
10913,1076.94914444
10914,1076.94914444
10915,1076.94914444
10916,1076.94914444
10917,1076.94914444
10918,1076.94914444
10919,1076.94914444
10920,1076.94914444
10921,1076.94914444
10922,1076.94914444
10923,1076.94914444
10924,1076.94914444
10925,1076.94914444
10926,1076.94914444
10927,1076.94914444
10928,1076.94914444
10929,1076.94914444
10930,1076.94914444
10931,1076.94914444
10932,1076.94914444
10933,1076.94914444
10934,1076.94914444
10935,1076.94914444
10936,1076.94914444
10937,1076.94914444
10938,1076.94914444
10939,1076.94914444
10940,1076.94914444
10941,1076.94914444
10942,1076.94914444
10943,1076.94914444
10944,1076.94914444
10945,1076.94914444
10946,1076.94914444
10947,1076.94914444
10948,1076.94914444
10949,1076.94914444
10950,1076.94914444
10951,1076.94914444
10952,1076.94914444
10953,1076.94914444
10954,1076.94914444
10955,1076.94914444
10956,1076.94914444
10957,1076.94914444
10958,1076.94914444
10959,1076.94914444
10960,1076.94914444
10961,1076.94914444
10962,1076.94914444
10963,1076.94914444
10964,1076.94914444
10965,1076.94914444
10966,1076.94914444
10967,1076.94914444
10968,1076.94914444
10969,1076.94914444
10970,1076.94914444
10971,1076.94914444
10972,1076.94914444
10973,1076.94914444
10974,1076.94914444
10975,1076.94914444
10976,1076.94914444
10977,1076.94914444
10978,1076.94914444
10979,1076.94914444
10980,1076.94914444
10981,1076.94914444
10982,1076.94914444
10983,1076.94914444
10984,1076.94914444
10985,1076.94914444
10986,1076.94914444
10987,1076.94914444
10988,1076.94914444
10989,1076.94914444
10990,1076.94914444
10991,1076.94914444
10992,1076.94914444
10993,1076.94914444
10994,1076.94914444
10995,1076.94914444
10996,1076.94914444
10997,1076.94914444
10998,1076.94914444
10999,1076.94914444
11000,1076.94914444
11001,1076.94914444
11002,1076.94914444
11003,1076.94914444
11004,1076.94914444
11005,1076.94914444
11006,1076.94914444
11007,1076.94914444
11008,1076.94914444
11009,1076.94914444
11010,1076.94914444
11011,1076.94914444
11012,1076.94914444
11013,1076.94914444
11014,1076.94914444
11015,1076.94914444
11016,1076.94914444
11017,1076.94914444
11018,1076.94914444
11019,1076.94914444
11020,1076.94914444
11021,1076.94914444
11022,1076.94914444
11023,1076.94914444
11024,1076.94914444
11025,1076.94914444
11026,1076.94914444
11027,1076.94914444
11028,1076.94914444
11029,1076.94914444
11030,1076.94914444
11031,1076.94914444
11032,1076.94914444
11033,1076.94914444
11034,1076.94914444
11035,1076.94914444
11036,1076.94914444
11037,1076.94914444
11038,1076.94914444
11039,1076.94914444
11040,1076.94914444
11041,1076.94914444
11042,1076.94914444
11043,1076.94914444
11044,1076.94914444
11045,1076.94914444
11046,1076.94914444
11047,1076.94914444
11048,1076.94914444
11049,1076.94914444
11050,1076.94914444
11051,1076.94914444
11052,1076.94914444
11053,1076.94914444
11054,1076.94914444
11055,1076.94914444
11056,1076.94914444
11057,1076.94914444
11058,1076.94914444
11059,1076.94914444
11060,1076.94914444
11061,1076.94914444
11062,1076.94914444
11063,1076.94914444
11064,1076.94914444
11065,1076.94914444
11066,1076.94914444
11067,1076.94914444
11068,1076.94914444
11069,1076.94914444
11070,1076.94914444
11071,1076.94914444
11072,1076.94914444
11073,1076.94914444
11074,1076.94914444
11075,1076.94914444
11076,1076.94914444
11077,1076.94914444
11078,1076.94914444
11079,1076.94914444
11080,1076.94914444
11081,1076.94914444
11082,1076.94914444
11083,1076.94914444
11084,1076.94914444
11085,1076.94914444
11086,1076.94914444
11087,1076.94914444
11088,1076.94914444
11089,1076.94914444
11090,1076.94914444
11091,1076.94914444
11092,1076.94914444
11093,1076.94914444
11094,1076.94914444
11095,1076.94914444
11096,1076.94914444
11097,1076.94914444
11098,1076.94914444
11099,1076.94914444
11100,1076.94914444
11101,1076.94914444
11102,1076.94914444
11103,1076.94914444
11104,1076.94914444
11105,1076.94914444
11106,1076.94914444
11107,1076.94914444
11108,1076.94914444
11109,1076.94914444
11110,1076.94914444
11111,1076.94914444
11112,1076.94914444
11113,1076.94914444
11114,1076.94914444
11115,1076.94914444
11116,1076.94914444
11117,1076.94914444
11118,1076.94914444
11119,1076.94914444
11120,1076.94914444
11121,1076.94914444
11122,1076.94914444
11123,1076.94914444
11124,1076.94914444
11125,1076.94914444
11126,1076.94914444
11127,1076.94914444
11128,1076.94914444
11129,1076.94914444
11130,1076.94914444
11131,1076.94914444
11132,1076.94914444
11133,1076.94914444
11134,1076.94914444
11135,1076.94914444
11136,1076.94914444
11137,1076.94914444
11138,1076.94914444
11139,1076.94914444
11140,1076.94914444
11141,1076.94914444
11142,1076.94914444
11143,1076.94914444
11144,1076.94914444
11145,1076.94914444
11146,1076.94914444
11147,1076.94914444
11148,1076.94914444
11149,1076.94914444
11150,1076.94914444
11151,1076.94914444
11152,1076.94914444
11153,1076.94914444
11154,1076.94914444
11155,1076.94914444
11156,1076.94914444
11157,1076.94914444
11158,1076.94914444
11159,1076.94914444
11160,1076.94914444
11161,1076.94914444
11162,1076.94914444
11163,1076.94914444
11164,1076.94914444
11165,1076.94914444
11166,1076.94914444
11167,1076.94914444
11168,1076.94914444
11169,1076.94914444
11170,1076.94914444
11171,1076.94914444
11172,1076.94914444
11173,1076.94914444
11174,1076.94914444
11175,1076.94914444
11176,1076.94914444
11177,1076.94914444
11178,1076.94914444
11179,1076.94914444
11180,1076.94914444
11181,1076.94914444
11182,1076.94914444
11183,1076.94914444
11184,1076.94914444
11185,1076.94914444
11186,1076.94914444
11187,1076.94914444
11188,1076.94914444
11189,1076.94914444
11190,1076.94914444
11191,1076.94914444
11192,1076.94914444
11193,1076.94914444
11194,1076.94914444
11195,1076.94914444
11196,1076.94914444
11197,1076.94914444
11198,1076.94914444
11199,1076.94914444
11200,1076.94914444
11201,1076.94914444
11202,1076.94914444
11203,1076.94914444
11204,1076.94914444
11205,1076.94914444
11206,1076.94914444
11207,1076.94914444
11208,1076.94914444
11209,1076.94914444
11210,1076.94914444
11211,1076.94914444
11212,1076.94914444
11213,1076.94914444
11214,1076.94914444
11215,1076.94914444
11216,1076.94914444
11217,1076.94914444
11218,1076.94914444
11219,1076.94914444
11220,1076.94914444
11221,1076.93614511
11222,1076.93614511
11223,1076.93614511
11224,1076.93614511
11225,1076.93614511
11226,1076.93614511
11227,1076.93614511
11228,1076.93614511
11229,1076.93614511
11230,1076.93614511
11231,1076.93614511
11232,1076.93614511
11233,1076.93614511
11234,1076.93614511
11235,1076.93614511
11236,1076.93614511
11237,1076.93614511
11238,1076.93614511
11239,1076.93614511
11240,1076.93614511
11241,1076.93614511
11242,1076.93614511
11243,1076.93614511
11244,1076.93614511
11245,1076.93614511
11246,1076.93614511
11247,1076.93614511
11248,1076.93614511
11249,1076.93614511
11250,1076.93614511
11251,1076.93614511
11252,1076.93614511
11253,1076.93614511
11254,1076.93614511
11255,1076.93614511
11256,1076.93614511
11257,1076.93614511
11258,1076.93614511
11259,1076.93614511
11260,1076.93614511
11261,1076.93614511
11262,1076.93614511
11263,1076.93614511
11264,1076.93614511
11265,1076.93614511
11266,1076.93614511
11267,1076.93614511
11268,1076.93614511
11269,1076.93614511
11270,1076.93614511
11271,1076.93614511
11272,1076.93614511
11273,1076.93614511
11274,1076.93614511
11275,1076.93614511
11276,1076.93614511
11277,1076.93614511
11278,1076.93614511
11279,1076.93614511
11280,1076.93614511
11281,1076.93614511
11282,1076.93614511
11283,1076.93614511
11284,1076.93614511
11285,1076.93614511
11286,1076.93614511
11287,1076.93614511
11288,1076.93614511
11289,1076.93614511
11290,1076.93614511
11291,1076.93614511
11292,1076.93614511
11293,1076.93614511
11294,1076.93614511
11295,1076.93614511
11296,1076.93614511
11297,1076.93614511
11298,1076.93614511
11299,1076.93614511
11300,1076.93614511
11301,1076.93614511
11302,1076.93614511
11303,1076.93614511
11304,1076.93614511
11305,1076.93614511
11306,1076.93614511
11307,1076.93614511
11308,1076.93614511
11309,1076.93614511
11310,1076.93614511
11311,1076.93614511
11312,1076.93614511
11313,1076.93614511
11314,1076.93614511
11315,1076.93614511
11316,1076.93614511
11317,1076.93614511
11318,1076.93614511
11319,1076.93614511
11320,1076.93614511
11321,1076.93614511
11322,1076.93614511
11323,1076.93614511
11324,1076.93614511
11325,1076.93614511
11326,1076.93614511
11327,1076.93614511
11328,1076.93614511
11329,1076.93614511
11330,1076.93614511
11331,1076.93614511
11332,1076.93614511
11333,1076.93614511
11334,1076.93614511
11335,1076.93614511
11336,1076.93614511
11337,1076.93614511
11338,1076.93614511
11339,1076.93614511
11340,1076.93614511
11341,1076.93614511
11342,1076.93614511
11343,1076.93614511
11344,1076.93614511
11345,1076.93614511
11346,1076.93614511
11347,1076.93614511
11348,1076.93614511
11349,1076.93614511
11350,1076.93614511
11351,1076.93614511
11352,1076.93614511
11353,1076.93614511
11354,1076.93614511
11355,1076.93614511
11356,1076.93614511
11357,1076.93614511
11358,1076.93614511
11359,1076.93614511
11360,1076.93614511
11361,1076.93614511
11362,1076.93614511
11363,1076.93614511
11364,1076.93614511
11365,1076.93614511
11366,1076.93614511
11367,1076.93614511
11368,1076.93614511
11369,1076.93614511
11370,1076.93614511
11371,1076.93614511
11372,1076.93614511
11373,1076.93614511
11374,1076.93614511
11375,1076.93614511
11376,1076.93614511
11377,1076.93614511
11378,1076.93614511
11379,1076.93614511
11380,1076.93614511
11381,1076.93614511
11382,1076.93614511
11383,1076.93614511
11384,1076.93614511
11385,1076.93614511
11386,1076.93614511
11387,1076.93614511
11388,1076.93614511
11389,1076.93614511
11390,1076.93614511
11391,1076.93614511
11392,1076.93614511
11393,1076.93614511
11394,1076.93614511
11395,1076.93614511
11396,1076.93614511
11397,1076.93614511
11398,1076.93614511
11399,1076.93614511
11400,1076.93614511
11401,1076.93614511
11402,1076.93614511
11403,1076.93614511
11404,1076.93614511
11405,1076.93614511
11406,1076.93614511
11407,1076.93614511
11408,1076.93614511
11409,1076.93614511
11410,1076.93614511
11411,1076.93614511
11412,1076.93614511
11413,1076.93614511
11414,1076.93614511
11415,1076.93614511
11416,1076.93614511
11417,1076.93614511
11418,1076.93614511
11419,1076.93614511
11420,1076.93614511
11421,1076.93614511
11422,1076.93614511
11423,1076.93614511
11424,1076.93614511
11425,1076.93614511
11426,1076.93614511
11427,1076.93614511
11428,1076.93614511
11429,1076.93614511
11430,1076.93614511
11431,1076.93614511
11432,1076.93614511
11433,1076.93614511
11434,1076.93614511
11435,1076.93614511
11436,1076.93614511
11437,1076.93614511
11438,1076.93614511
11439,1076.93614511
11440,1076.93614511
11441,1076.93614511
11442,1076.93614511
11443,1076.93614511
11444,1076.93614511
11445,1076.93614511
11446,1076.93614511
11447,1076.93614511
11448,1076.93614511
11449,1076.93614511
11450,1076.93614511
11451,1076.93614511
11452,1076.93614511
11453,1076.93614511
11454,1076.93614511
11455,1076.93614511
11456,1076.93614511
11457,1076.93614511
11458,1076.93614511
11459,1076.93614511
11460,1076.93614511
11461,1076.93614511
11462,1076.93614511
11463,1076.93614511
11464,1076.93614511
11465,1076.93614511
11466,1076.93614511
11467,1076.93614511
11468,1076.93614511
11469,1076.93614511
11470,1076.93614511
11471,1076.93614511
11472,1076.93614511
11473,1076.93614511
11474,1076.93614511
11475,1076.93614511
11476,1076.93614511
11477,1076.93614511
11478,1076.93614511
11479,1076.93614511
11480,1076.93614511
11481,1076.93614511
11482,1076.93614511
11483,1076.93614511
11484,1076.93614511
11485,1076.93614511
11486,1076.93614511
11487,1076.93614511
11488,1076.93614511
11489,1076.93614511
11490,1076.93614511
11491,1076.93614511
11492,1076.93614511
11493,1076.93614511
11494,1076.93614511
11495,1076.93614511
11496,1076.93614511
11497,1076.93614511
11498,1076.93614511
11499,1076.93614511
11500,1076.93614511
11501,1076.93614511
11502,1076.93614511
11503,1076.93614511
11504,1076.93614511
11505,1076.93614511
11506,1076.93614511
11507,1076.93614511
11508,1076.93614511
11509,1076.93614511
11510,1076.93614511
11511,1076.93614511
11512,1076.93614511
11513,1076.93614511
11514,1076.93614511
11515,1076.93614511
11516,1076.93614511
11517,1076.93614511
11518,1076.93614511
11519,1076.93614511
11520,1076.93614511
11521,1076.93614511
11522,1076.93614511
11523,1076.93614511
11524,1076.93614511
11525,1076.93614511
11526,1076.93614511
11527,1076.81796585
11528,1076.81796585
11529,1076.81796585
11530,1076.81796585
11531,1076.81796585
11532,1076.81796585
11533,1076.81796585
11534,1076.81796585
11535,1076.81796585
11536,1076.81796585
11537,1076.81796585
11538,1076.81796585
11539,1076.81796585
11540,1076.81796585
11541,1076.81796585
11542,1076.81796585
11543,1076.81796585
11544,1076.81796585
11545,1076.81796585
11546,1076.81796585
11547,1076.81796585
11548,1076.81796585
11549,1076.81796585
11550,1076.81796585
11551,1076.81796585
11552,1076.81796585
11553,1076.81796585
11554,1076.81796585
11555,1076.81796585
11556,1076.81796585
11557,1076.81796585
11558,1076.81796585
11559,1076.81796585
11560,1076.81796585
11561,1076.81796585
11562,1076.81796585
11563,1076.81796585
11564,1076.81796585
11565,1076.81796585
11566,1076.81796585
11567,1076.81796585
11568,1076.81796585
11569,1076.81796585
11570,1076.81796585
11571,1076.81796585
11572,1076.81796585
11573,1076.81796585
11574,1076.81796585
11575,1076.81796585
11576,1076.81796585
11577,1076.81796585
11578,1076.81796585
11579,1076.81796585
11580,1076.81796585
11581,1076.79072685
11582,1076.79072685
11583,1076.79072685
11584,1076.79072685
11585,1076.79072685
11586,1076.79072685
11587,1076.79072685
11588,1076.79072685
11589,1076.79072685
11590,1076.79072685
11591,1076.79072685
11592,1076.79072685
11593,1076.79072685
11594,1076.79072685
11595,1076.79072685
11596,1076.79072685
11597,1076.79072685
11598,1076.79072685
11599,1076.79072685
11600,1076.79072685
11601,1076.79072685
11602,1076.79072685
11603,1076.79072685
11604,1076.79072685
11605,1076.79072685
11606,1076.79072685
11607,1076.77376645
11608,1076.77376645
11609,1076.77376645
11610,1076.77376645
11611,1076.77376645
11612,1076.77376645
11613,1076.77376645
11614,1076.77376645
11615,1076.77376645
11616,1076.77376645
11617,1076.77376645
11618,1076.77376645
11619,1076.77376645
11620,1076.74443908
11621,1076.74443908
11622,1076.74443908
11623,1076.74443908
11624,1076.74443908
11625,1076.74443908
11626,1076.74443908
11627,1076.74443908
11628,1076.74443908
11629,1076.74443908
11630,1076.74443908
11631,1076.74443908
11632,1076.74443908
11633,1076.74443908
11634,1076.74443908
11635,1076.74443908
11636,1076.74443908
11637,1076.74443908
11638,1076.74443908
11639,1076.74443908
11640,1076.74443908
11641,1076.74443908
11642,1076.74443908
11643,1076.74443908
11644,1076.74443908
11645,1076.74443908
11646,1076.74443908
11647,1076.74443908
11648,1076.74443908
11649,1076.74443908
11650,1076.74443908
11651,1076.74443908
11652,1076.74443908
11653,1076.74443908
11654,1076.74443908
11655,1076.74443908
11656,1076.74443908
11657,1076.74443908
11658,1076.74443908
11659,1076.74443908
11660,1076.74443908
11661,1076.74443908
11662,1076.74443908
11663,1076.74443908
11664,1076.74443908
11665,1076.74443908
11666,1076.74443908
11667,1076.74443908
11668,1076.74443908
11669,1076.74443908
11670,1076.74443908
11671,1076.74443908
11672,1076.74443908
11673,1076.74443908
11674,1076.74443908
11675,1076.74443908
11676,1076.74443908
11677,1076.74443908
11678,1076.74443908
11679,1076.74443908
11680,1076.74443908
11681,1076.74443908
11682,1076.74443908
11683,1076.74443908
11684,1076.74443908
11685,1076.74443908
11686,1076.74443908
11687,1076.74443908
11688,1076.74443908
11689,1076.74443908
11690,1076.74443908
11691,1076.74443908
11692,1076.74443908
11693,1076.74443908
11694,1076.74443908
11695,1076.74443908
11696,1076.74443908
11697,1076.74443908
11698,1076.74443908
11699,1076.74443908
11700,1076.74443908
11701,1076.74443908
11702,1076.74443908
11703,1076.74443908
11704,1076.74443908
11705,1076.74443908
11706,1076.74443908
11707,1076.74443908
11708,1076.74443908
11709,1076.74443908
11710,1076.74443908
11711,1076.74443908
11712,1076.74443908
11713,1076.74443908
11714,1076.74443908
11715,1076.74443908
11716,1076.74443908
11717,1076.74443908
11718,1076.74443908
11719,1076.74443908
11720,1076.74443908
11721,1076.74443908
11722,1076.74443908
11723,1076.74443908
11724,1076.74443908
11725,1076.74443908
11726,1076.74443908
11727,1076.74443908
11728,1076.74443908
11729,1076.74443908
11730,1076.74443908
11731,1076.74443908
11732,1076.74443908
11733,1076.74443908
11734,1076.74443908
11735,1076.74443908
11736,1076.74443908
11737,1076.74443908
11738,1076.74443908
11739,1076.74443908
11740,1076.74443908
11741,1076.74443908
11742,1076.74443908
11743,1076.74443908
11744,1076.74443908
11745,1076.74443908
11746,1076.74443908
11747,1076.74443908
11748,1076.74443908
11749,1076.74443908
11750,1076.74443908
11751,1076.74443908
11752,1076.74443908
11753,1076.74443908
11754,1076.74443908
11755,1076.74443908
11756,1076.74443908
11757,1076.74443908
11758,1076.74443908
11759,1076.74443908
11760,1076.74443908
11761,1076.74443908
11762,1076.74443908
11763,1076.74443908
11764,1076.74443908
11765,1076.74443908
11766,1076.62505635
11767,1076.62505635
11768,1076.62505635
11769,1076.62505635
11770,1076.62505635
11771,1076.62505635
11772,1076.62505635
11773,1076.62505635
11774,1076.62505635
11775,1076.62505635
11776,1076.62505635
11777,1076.62505635
11778,1076.62505635
11779,1076.62505635
11780,1076.62505635
11781,1076.62505635
11782,1076.62505635
11783,1076.62505635
11784,1076.62505635
11785,1076.62505635
11786,1076.62505635
11787,1076.62505635
11788,1076.62505635
11789,1076.62505635
11790,1076.62505635
11791,1076.62505635
11792,1076.62505635
11793,1076.62505635
11794,1076.62505635
11795,1076.62505635
11796,1076.62505635
11797,1076.62505635
11798,1076.62505635
11799,1076.62505635
11800,1076.62505635
11801,1076.62505635
11802,1076.62505635
11803,1076.62505635
11804,1076.62505635
11805,1076.62505635
11806,1076.62505635
11807,1076.62505635
11808,1076.62505635
11809,1076.62505635
11810,1076.62505635
11811,1076.62505635
11812,1076.62505635
11813,1076.62505635
11814,1076.62505635
11815,1076.62505635
11816,1076.62505635
11817,1076.62505635
11818,1076.62505635
11819,1076.62505635
11820,1076.62505635
11821,1076.62505635
11822,1076.62505635
11823,1076.62505635
11824,1076.62505635
11825,1076.62505635
11826,1076.62505635
11827,1076.62505635
11828,1076.62505635
11829,1076.62505635
11830,1076.62505635
11831,1076.62505635
11832,1076.62505635
11833,1076.62505635
11834,1076.62505635
11835,1076.62505635
11836,1076.62505635
11837,1076.62505635
11838,1076.62505635
11839,1076.62505635
11840,1076.62505635
11841,1076.62505635
11842,1076.62505635
11843,1076.62505635
11844,1076.62505635
11845,1076.62505635
11846,1076.62505635
11847,1076.62505635
11848,1076.62505635
11849,1076.62505635
11850,1076.62505635
11851,1076.62505635
11852,1076.62505635
11853,1076.62505635
11854,1076.62505635
11855,1076.62505635
11856,1076.62505635
11857,1076.62505635
11858,1076.62505635
11859,1076.62505635
11860,1076.62505635
11861,1076.62505635
11862,1076.62505635
11863,1076.62505635
11864,1076.62505635
11865,1076.62505635
11866,1076.62505635
11867,1076.62505635
11868,1076.62505635
11869,1076.62505635
11870,1076.62505635
11871,1076.62505635
11872,1076.62505635
11873,1076.62505635
11874,1076.62505635
11875,1076.62505635
11876,1076.62505635
11877,1076.62505635
11878,1076.62505635
11879,1076.62505635
11880,1076.62505635
11881,1076.62505635
11882,1076.62505635
11883,1076.62505635
11884,1076.60938734
11885,1076.60938734
11886,1076.60938734
11887,1076.60938734
11888,1076.60938734
11889,1076.60938734
11890,1076.60938734
11891,1076.60938734
11892,1076.60938734
11893,1076.60938734
11894,1076.60938734
11895,1076.60938734
11896,1076.60938734
11897,1076.60938734
11898,1076.60938734
11899,1076.60938734
11900,1076.60938734
11901,1076.60938734
11902,1076.60938734
11903,1076.60938734
11904,1076.60938734
11905,1076.60938734
11906,1076.60938734
11907,1076.60938734
11908,1076.60938734
11909,1076.60938734
11910,1076.60938734
11911,1076.60938734
11912,1076.60938734
11913,1076.60938734
11914,1076.60938734
11915,1076.60938734
11916,1076.60938734
11917,1076.60938734
11918,1076.60938734
11919,1076.60938734
11920,1076.60938734
11921,1076.60938734
11922,1076.60938734
11923,1076.60938734
11924,1076.60938734
11925,1076.60938734
11926,1076.60938734
11927,1076.60938734
11928,1076.60938734
11929,1076.60938734
11930,1076.60938734
11931,1076.60938734
11932,1076.60938734
11933,1076.60938734
11934,1076.60938734
11935,1076.60938734
11936,1076.60938734
11937,1076.60938734
11938,1076.60938734
11939,1076.60938734
11940,1076.60938734
11941,1076.60938734
11942,1076.60938734
11943,1076.60938734
11944,1076.60938734
11945,1076.60938734
11946,1076.60938734
11947,1076.60938734
11948,1076.60938734
11949,1076.60938734
11950,1076.60938734
11951,1076.60938734
11952,1076.60938734
11953,1076.60938734
11954,1076.60938734
11955,1076.60938734
11956,1076.60938734
11957,1076.60938734
11958,1076.60938734
11959,1076.60938734
11960,1076.60938734
11961,1076.60938734
11962,1076.60938734
11963,1076.60938734
11964,1076.60938734
11965,1076.60938734
11966,1076.60938734
11967,1076.60938734
11968,1076.60938734
11969,1076.60938734
11970,1076.60938734
11971,1076.60938734
11972,1076.60938734
11973,1076.60938734
11974,1076.60938734
11975,1076.60938734
11976,1076.28659092
11977,1076.28659092
11978,1076.28659092
11979,1076.28659092
11980,1076.28659092
11981,1076.28659092
11982,1076.28659092
11983,1076.28659092
11984,1076.28659092
11985,1076.28659092
11986,1076.28659092
11987,1076.28659092
11988,1076.28659092
11989,1076.28659092
11990,1076.28659092
11991,1076.28659092
11992,1076.28659092
11993,1076.28659092
11994,1076.28659092
11995,1076.28659092
11996,1076.28659092
11997,1076.28659092
11998,1076.28659092
11999,1076.28659092
12000,1076.28659092
12001,1076.28659092
12002,1076.28659092
12003,1076.28659092
12004,1076.28659092
12005,1076.28659092
12006,1076.28659092
12007,1076.28659092
12008,1076.28659092
12009,1076.28659092
12010,1076.28659092
12011,1076.28659092
12012,1076.28659092
12013,1076.28659092
12014,1076.28659092
12015,1076.28659092
12016,1076.28659092
12017,1076.28659092
12018,1076.28659092
12019,1075.03619079
12020,1075.03619079
12021,1075.03619079
12022,1075.03619079
12023,1075.03619079
12024,1075.03619079
12025,1075.03619079
12026,1075.03619079
12027,1075.03619079
12028,1075.03619079
12029,1075.03619079
12030,1075.03619079
12031,1075.03619079
12032,1075.03619079
12033,1075.03619079
12034,1075.03619079
12035,1075.03619079
12036,1075.03619079
12037,1075.03619079
12038,1075.03619079
12039,1075.03619079
12040,1075.03619079
12041,1075.03619079
12042,1075.03619079
12043,1075.03619079
12044,1075.03619079
12045,1075.03619079
12046,1075.03619079
12047,1075.03619079
12048,1075.03619079
12049,1075.03619079
12050,1075.03619079
12051,1075.03619079
12052,1075.03619079
12053,1075.03619079
12054,1075.03619079
12055,1075.03619079
12056,1075.03619079
12057,1075.03619079
12058,1075.03619079
12059,1075.03619079
12060,1075.03619079
12061,1075.03619079
12062,1075.03619079
12063,1075.03619079
12064,1075.03619079
12065,1075.03619079
12066,1075.03619079
12067,1075.03619079
12068,1075.03619079
12069,1075.03619079
12070,1075.03619079
12071,1075.03619079
12072,1075.03619079
12073,1075.03619079
12074,1075.03619079
12075,1075.03619079
12076,1075.03619079
12077,1075.03619079
12078,1075.03619079
12079,1075.03619079
12080,1075.03619079
12081,1075.03619079
12082,1075.03619079
12083,1075.03619079
12084,1075.03619079
12085,1075.03619079
12086,1075.03619079
12087,1075.03619079
12088,1075.03619079
12089,1075.03619079
12090,1075.03619079
12091,1075.03619079
12092,1075.03619079
12093,1075.03619079
12094,1075.03619079
12095,1075.03619079
12096,1075.03619079
12097,1075.03619079
12098,1075.03619079
12099,1075.03619079
12100,1075.03619079
12101,1075.03619079
12102,1075.03619079
12103,1075.03619079
12104,1075.03619079
12105,1075.03619079
12106,1075.03619079
12107,1075.03619079
12108,1075.03619079
12109,1075.03619079
12110,1075.03619079
12111,1075.03619079
12112,1075.03619079
12113,1075.03619079
12114,1075.03619079
12115,1075.03619079
12116,1075.03619079
12117,1075.03619079
12118,1075.03619079
12119,1074.95248808
12120,1074.95248808
12121,1074.95248808
12122,1074.95248808
12123,1074.95248808
12124,1074.95248808
12125,1074.95248808
12126,1074.95248808
12127,1074.95248808
12128,1074.95248808
12129,1074.95248808
12130,1074.95248808
12131,1074.95248808
12132,1074.95248808
12133,1074.95248808
12134,1074.95248808
12135,1074.95248808
12136,1074.95248808
12137,1074.95248808
12138,1074.95248808
12139,1074.95248808
12140,1074.95248808
12141,1074.95248808
12142,1074.95248808
12143,1074.95248808
12144,1074.95248808
12145,1074.95248808
12146,1074.95248808
12147,1074.95248808
12148,1074.95248808
12149,1074.95248808
12150,1074.95248808
12151,1074.95248808
12152,1074.95248808
12153,1074.95248808
12154,1074.95248808
12155,1074.95248808
12156,1074.95248808
12157,1074.95248808
12158,1074.95248808
12159,1074.95248808
12160,1074.95248808
12161,1074.95248808
12162,1074.95248808
12163,1074.95248808
12164,1074.95248808
12165,1074.95248808
12166,1074.95248808
12167,1074.95248808
12168,1074.95248808
12169,1074.95248808
12170,1074.95248808
12171,1074.95248808
12172,1074.95248808
12173,1074.95248808
12174,1074.95248808
12175,1074.95248808
12176,1074.95248808
12177,1074.95248808
12178,1074.95248808
12179,1074.95248808
12180,1074.95248808
12181,1074.95248808
12182,1074.95248808
12183,1074.95248808
12184,1074.95248808
12185,1074.95248808
12186,1074.95248808
12187,1074.95248808
12188,1074.95248808
12189,1074.95248808
12190,1074.95248808
12191,1074.95248808
12192,1074.95248808
12193,1074.95248808
12194,1074.95248808
12195,1074.95248808
12196,1074.95248808
12197,1074.95248808
12198,1074.95248808
12199,1074.95248808
12200,1074.95248808
12201,1074.95248808
12202,1074.95248808
12203,1074.95248808
12204,1074.95248808
12205,1074.95248808
12206,1074.95248808
12207,1074.95248808
12208,1074.95248808
12209,1074.95248808
12210,1074.95248808
12211,1074.95248808
12212,1074.95248808
12213,1074.95248808
12214,1074.95248808
12215,1074.95248808
12216,1074.95248808
12217,1074.95248808
12218,1074.95248808
12219,1074.95248808
12220,1074.95248808
12221,1074.95248808
12222,1074.95248808
12223,1074.95248808
12224,1074.95248808
12225,1074.95248808
12226,1074.95248808
12227,1074.95248808
12228,1074.95248808
12229,1074.95248808
12230,1074.95248808
12231,1074.95248808
12232,1074.95248808
12233,1074.95248808
12234,1074.95248808
12235,1074.95248808
12236,1074.95248808
12237,1074.95248808
12238,1074.95248808
12239,1074.95248808
12240,1074.95248808
12241,1074.95248808
12242,1074.95248808
12243,1074.95248808
12244,1074.95248808
12245,1074.95248808
12246,1074.95248808
12247,1074.95248808
12248,1074.95248808
12249,1074.95248808
12250,1074.95248808
12251,1074.95248808
12252,1074.95248808
12253,1074.95248808
12254,1074.95248808
12255,1074.95248808
12256,1074.95248808
12257,1074.95248808
12258,1074.95248808
12259,1074.95248808
12260,1074.95248808
12261,1074.95248808
12262,1074.95248808
12263,1074.95248808
12264,1074.95248808
12265,1074.95248808
12266,1074.95248808
12267,1074.95248808
12268,1074.95248808
12269,1074.95248808
12270,1074.95248808
12271,1074.95248808
12272,1074.95248808
12273,1074.95248808
12274,1074.95248808
12275,1074.95248808
12276,1074.95248808
12277,1074.95248808
12278,1074.95248808
12279,1074.95248808
12280,1074.95248808
12281,1074.95248808
12282,1074.95248808
12283,1074.95248808
12284,1074.95248808
12285,1074.95248808
12286,1074.95248808
12287,1074.95248808
12288,1074.95248808
12289,1074.95248808
12290,1074.95248808
12291,1074.95248808
12292,1074.95248808
12293,1074.95248808
12294,1074.95248808
12295,1074.95248808
12296,1074.95248808
12297,1074.95248808
12298,1074.95248808
12299,1074.95248808
12300,1074.95248808
12301,1074.95248808
12302,1074.95248808
12303,1074.95248808
12304,1074.95248808
12305,1074.95248808
12306,1074.95248808
12307,1074.95248808
12308,1074.95248808
12309,1074.95248808
12310,1074.95248808
12311,1074.95248808
12312,1074.95248808
12313,1074.95248808
12314,1074.95248808
12315,1074.95248808
12316,1074.95248808
12317,1074.95248808
12318,1074.95248808
12319,1074.95248808
12320,1074.95248808
12321,1074.95248808
12322,1074.95248808
12323,1074.95248808
12324,1074.95248808
12325,1074.95248808
12326,1074.95248808
12327,1074.95248808
12328,1074.95248808
12329,1074.95248808
12330,1074.95248808
12331,1074.95248808
12332,1074.95248808
12333,1074.95248808
12334,1074.95248808
12335,1074.95248808
12336,1074.95248808
12337,1074.95248808
12338,1074.95248808
12339,1074.95248808
12340,1074.95248808
12341,1074.95248808
12342,1074.95248808
12343,1074.95248808
12344,1074.95248808
12345,1074.95248808
12346,1074.95248808
12347,1074.95248808
12348,1074.95248808
12349,1074.95248808
12350,1074.95248808
12351,1074.95248808
12352,1074.95248808
12353,1074.95248808
12354,1074.95248808
12355,1074.95248808
12356,1074.95248808
12357,1074.95248808
12358,1074.95248808
12359,1074.95248808
12360,1074.95248808
12361,1074.92536768
12362,1074.92536768
12363,1074.92536768
12364,1074.92536768
12365,1074.92536768
12366,1074.92536768
12367,1074.92536768
12368,1074.92536768
12369,1074.92536768
12370,1074.92536768
12371,1074.92536768
12372,1074.92536768
12373,1074.92536768
12374,1074.92536768
12375,1074.92536768
12376,1074.92536768
12377,1074.92536768
12378,1074.92536768
12379,1074.92536768
12380,1074.92536768
12381,1074.92536768
12382,1074.92536768
12383,1074.92536768
12384,1074.92536768
12385,1074.92536768
12386,1074.6314544
12387,1074.6314544
12388,1074.6314544
12389,1074.6314544
12390,1074.6314544
12391,1074.6314544
12392,1074.6314544
12393,1074.6314544
12394,1074.6314544
12395,1074.6314544
12396,1074.6314544
12397,1074.6314544
12398,1074.6314544
12399,1074.6314544
12400,1074.6314544
12401,1074.6314544
12402,1074.6314544
12403,1074.6314544
12404,1074.6314544
12405,1074.6314544
12406,1074.6314544
12407,1074.6314544
12408,1074.6314544
12409,1074.6314544
12410,1074.6314544
12411,1074.6314544
12412,1074.6314544
12413,1074.6314544
12414,1074.6314544
12415,1074.6314544
12416,1074.6314544
12417,1074.6314544
12418,1074.6314544
12419,1074.6314544
12420,1074.6314544
12421,1074.6314544
12422,1074.6314544
12423,1074.6314544
12424,1074.6314544
12425,1074.6314544
12426,1074.6314544
12427,1074.6314544
12428,1074.6314544
12429,1074.6314544
12430,1074.6314544
12431,1074.6314544
12432,1074.6314544
12433,1074.6314544
12434,1074.6314544
12435,1074.6314544
12436,1074.6314544
12437,1074.6314544
12438,1074.6314544
12439,1074.6314544
12440,1074.6314544
12441,1074.6314544
12442,1074.6314544
12443,1074.6314544
12444,1074.6314544
12445,1074.6314544
12446,1074.6314544
12447,1074.6314544
12448,1074.6314544
12449,1074.6314544
12450,1074.6314544
12451,1074.6314544
12452,1074.6314544
12453,1074.6314544
12454,1074.6314544
12455,1074.6314544
12456,1074.6314544
12457,1074.6314544
12458,1074.6314544
12459,1074.6314544
12460,1074.6314544
12461,1074.6314544
12462,1074.6314544
12463,1074.6314544
12464,1074.6314544
12465,1074.6314544
12466,1074.6314544
12467,1074.6314544
12468,1074.6314544
12469,1074.6314544
12470,1074.6314544
12471,1074.6314544
12472,1074.6314544
12473,1074.6314544
12474,1074.6314544
12475,1074.6314544
12476,1074.6314544
12477,1074.6314544
12478,1074.6314544
12479,1074.6314544
12480,1074.6314544
12481,1074.6314544
12482,1074.6314544
12483,1074.6314544
12484,1074.6314544
12485,1074.6314544
12486,1074.6314544
12487,1074.6314544
12488,1074.6314544
12489,1074.6314544
12490,1074.6314544
12491,1074.6314544
12492,1074.6314544
12493,1074.6314544
12494,1074.6314544
12495,1074.6314544
12496,1074.6314544
12497,1074.6314544
12498,1074.6314544
12499,1074.6314544
12500,1074.6314544
12501,1074.6314544
12502,1074.6314544
12503,1074.6314544
12504,1074.6314544
12505,1074.6314544
12506,1074.6314544
12507,1074.6314544
12508,1074.6314544
12509,1074.6314544
12510,1074.6314544
12511,1074.6314544
12512,1074.6314544
12513,1074.6314544
12514,1074.6314544
12515,1074.6314544
12516,1074.6314544
12517,1074.6314544
12518,1074.6314544
12519,1074.6314544
12520,1074.6314544
12521,1074.6314544
12522,1074.6314544
12523,1074.6314544
12524,1074.6314544
12525,1074.6314544
12526,1074.6314544
12527,1074.6314544
12528,1074.6314544
12529,1074.6314544
12530,1074.6314544
12531,1074.6314544
12532,1074.6314544
12533,1074.6314544
12534,1074.6314544
12535,1074.6314544
12536,1074.6314544
12537,1074.6314544
12538,1074.6314544
12539,1074.6314544
12540,1074.6314544
12541,1074.6314544
12542,1074.6314544
12543,1074.6314544
12544,1074.6314544
12545,1074.6314544
12546,1074.6314544
12547,1074.6314544
12548,1074.6314544
12549,1074.6314544
12550,1074.6314544
12551,1074.6314544
12552,1074.6314544
12553,1074.6314544
12554,1074.6314544
12555,1074.6314544
12556,1074.6314544
12557,1074.6314544
12558,1074.6314544
12559,1074.6314544
12560,1074.6314544
12561,1074.6314544
12562,1074.6314544
12563,1074.6314544
12564,1074.6314544
12565,1074.6314544
12566,1074.6314544
12567,1074.6314544
12568,1074.6314544
12569,1074.6314544
12570,1074.6314544
12571,1074.6314544
12572,1074.6314544
12573,1074.6314544
12574,1074.6314544
12575,1074.03732531
12576,1074.03732531
12577,1074.03732531
12578,1074.03732531
12579,1074.03732531
12580,1074.03732531
12581,1074.03732531
12582,1074.03732531
12583,1074.03732531
12584,1074.03732531
12585,1074.03732531
12586,1074.03732531
12587,1074.03732531
12588,1074.03732531
12589,1074.03732531
12590,1074.03732531
12591,1074.03732531
12592,1074.03732531
12593,1074.03732531
12594,1074.03732531
12595,1074.03732531
12596,1074.03732531
12597,1073.92411701
12598,1073.92411701
12599,1073.92411701
12600,1073.92411701
12601,1073.92411701
12602,1073.92411701
12603,1073.92411701
12604,1073.92411701
12605,1073.92411701
12606,1073.92411701
12607,1073.92411701
12608,1073.92411701
12609,1073.92411701
12610,1073.92411701
12611,1073.92411701
12612,1073.92411701
12613,1073.92411701
12614,1073.92411701
12615,1073.92411701
12616,1073.92411701
12617,1073.92411701
12618,1073.92411701
12619,1073.62261314
12620,1073.62261314
12621,1073.62261314
12622,1073.62261314
12623,1073.62261314
12624,1073.62261314
12625,1073.62261314
12626,1073.62261314
12627,1073.62261314
12628,1073.62261314
12629,1073.37275913
12630,1073.37275913
12631,1073.37275913
12632,1073.37275913
12633,1073.37275913
12634,1073.37275913
12635,1073.37275913
12636,1073.37275913
12637,1073.37275913
12638,1073.37275913
12639,1073.37275913
12640,1073.37275913
12641,1073.37275913
12642,1073.37275913
12643,1073.37275913
12644,1073.37275913
12645,1073.37275913
12646,1073.37275913
12647,1073.37275913
12648,1073.37275913
12649,1073.37275913
12650,1073.37275913
12651,1073.37275913
12652,1073.37275913
12653,1073.37275913
12654,1073.37275913
12655,1073.37275913
12656,1073.37275913
12657,1073.37275913
12658,1073.37275913
12659,1073.37275913
12660,1073.37275913
12661,1073.37275913
12662,1073.37275913
12663,1073.37275913
12664,1073.23361062
12665,1073.23361062
12666,1073.23361062
12667,1073.23361062
12668,1073.23361062
12669,1073.23361062
12670,1073.23361062
12671,1073.23361062
12672,1073.23361062
12673,1073.23361062
12674,1073.23361062
12675,1073.23361062
12676,1073.23361062
12677,1073.23361062
12678,1073.23361062
12679,1073.23361062
12680,1073.23361062
12681,1073.23361062
12682,1073.196017
12683,1073.196017
12684,1073.196017
12685,1073.196017
12686,1073.196017
12687,1073.196017
12688,1073.196017
12689,1073.196017
12690,1073.196017
12691,1073.196017
12692,1073.196017
12693,1073.196017
12694,1073.196017
12695,1073.196017
12696,1073.196017
12697,1073.196017
12698,1073.196017
12699,1073.196017
12700,1073.196017
12701,1073.196017
12702,1073.196017
12703,1073.196017
12704,1073.196017
12705,1073.196017
12706,1073.196017
12707,1073.196017
12708,1073.196017
12709,1073.196017
12710,1073.196017
12711,1073.196017
12712,1073.196017
12713,1073.196017
12714,1073.196017
12715,1073.196017
12716,1073.196017
12717,1073.196017
12718,1073.196017
12719,1073.196017
12720,1073.196017
12721,1073.196017
12722,1073.196017
12723,1073.196017
12724,1073.196017
12725,1073.196017
12726,1073.196017
12727,1073.196017
12728,1073.196017
12729,1073.196017
12730,1073.196017
12731,1073.196017
12732,1073.196017
12733,1073.196017
12734,1073.196017
12735,1073.196017
12736,1073.196017
12737,1073.196017
12738,1073.196017
12739,1073.08429726
12740,1073.08429726
12741,1073.08429726
12742,1073.08429726
12743,1073.08429726
12744,1073.08429726
12745,1073.08429726
12746,1073.08429726
12747,1073.08429726
12748,1073.08429726
12749,1073.08429726
12750,1073.08429726
12751,1073.08429726
12752,1073.08429726
12753,1073.08429726
12754,1073.08429726
12755,1073.08429726
12756,1073.08429726
12757,1073.08429726
12758,1073.08429726
12759,1073.08429726
12760,1072.6915694
12761,1072.6915694
12762,1072.6915694
12763,1072.6915694
12764,1072.6915694
12765,1072.6915694
12766,1072.6915694
12767,1072.6915694
12768,1072.6915694
12769,1072.6915694
12770,1072.6915694
12771,1072.6915694
12772,1072.6915694
12773,1072.6915694
12774,1072.6915694
12775,1072.6915694
12776,1072.6915694
12777,1072.6915694
12778,1072.6915694
12779,1072.6915694
12780,1072.6915694
12781,1072.6915694
12782,1072.6915694
12783,1072.6915694
12784,1072.6915694
12785,1072.6915694
12786,1072.6915694
12787,1072.6915694
12788,1072.6915694
12789,1072.6915694
12790,1072.6915694
12791,1072.6915694
12792,1072.6915694
12793,1072.6915694
12794,1072.6915694
12795,1072.6915694
12796,1072.6915694
12797,1072.6915694
12798,1072.6915694
12799,1072.6915694
12800,1072.6915694
12801,1072.6915694
12802,1072.6915694
12803,1072.6915694
12804,1072.6915694
12805,1072.6915694
12806,1072.6915694
12807,1072.6915694
12808,1072.6915694
12809,1072.6915694
12810,1072.6915694
12811,1072.6915694
12812,1072.6915694
12813,1072.6915694
12814,1072.6915694
12815,1072.6915694
12816,1072.6915694
12817,1072.6915694
12818,1072.6915694
12819,1072.6915694
12820,1072.6915694
12821,1072.6915694
12822,1072.6915694
12823,1072.6915694
12824,1072.6915694
12825,1072.6915694
12826,1072.6915694
12827,1072.6915694
12828,1072.6915694
12829,1072.6915694
12830,1072.6915694
12831,1072.6915694
12832,1072.6915694
12833,1072.6915694
12834,1072.6915694
12835,1072.6915694
12836,1072.6915694
12837,1072.6915694
12838,1072.6915694
12839,1072.6915694
12840,1072.6915694
12841,1072.6915694
12842,1072.6915694
12843,1072.6915694
12844,1072.6915694
12845,1072.6915694
12846,1072.6915694
12847,1072.6915694
12848,1072.6915694
12849,1072.6915694
12850,1072.6915694
12851,1072.6915694
12852,1072.6915694
12853,1072.6915694
12854,1072.6915694
12855,1072.6915694
12856,1072.6915694
12857,1072.6915694
12858,1072.6915694
12859,1072.6915694
12860,1072.6915694
12861,1072.6915694
12862,1072.6915694
12863,1072.6915694
12864,1072.6915694
12865,1072.6915694
12866,1072.6915694
12867,1072.6915694
12868,1072.6915694
12869,1072.6915694
12870,1072.6915694
12871,1072.6915694
12872,1072.6915694
12873,1072.6915694
12874,1072.6915694
12875,1072.6915694
12876,1072.6915694
12877,1072.6915694
12878,1072.6915694
12879,1072.6915694
12880,1072.6915694
12881,1072.6915694
12882,1072.6915694
12883,1072.6915694
12884,1072.6915694
12885,1072.6915694
12886,1072.6915694
12887,1072.6915694
12888,1072.6915694
12889,1072.6915694
12890,1072.6915694
12891,1072.6915694
12892,1072.6915694
12893,1072.6915694
12894,1072.6915694
12895,1072.6915694
12896,1072.6915694
12897,1072.6915694
12898,1072.6915694
12899,1072.6915694
12900,1072.6915694
12901,1072.6915694
12902,1072.6915694
12903,1072.6915694
12904,1072.6915694
12905,1072.6915694
12906,1072.6915694
12907,1072.6915694
12908,1072.6915694
12909,1072.6915694
12910,1072.6915694
12911,1072.6915694
12912,1072.6915694
12913,1072.6915694
12914,1072.6915694
12915,1072.6915694
12916,1072.6915694
12917,1072.6915694
12918,1072.6915694
12919,1072.6915694
12920,1072.6915694
12921,1072.6915694
12922,1072.6915694
12923,1072.6915694
12924,1072.6915694
12925,1072.6915694
12926,1072.6915694
12927,1072.6915694
12928,1072.6915694
12929,1072.6915694
12930,1072.6915694
12931,1072.6915694
12932,1072.6915694
12933,1072.6915694
12934,1072.6915694
12935,1072.6915694
12936,1072.6915694
12937,1072.6915694
12938,1072.6915694
12939,1072.6915694
12940,1072.6915694
12941,1072.6915694
12942,1072.6915694
12943,1072.6915694
12944,1072.6915694
12945,1072.6915694
12946,1072.6915694
12947,1072.6915694
12948,1072.6915694
12949,1072.6915694
12950,1072.6915694
12951,1072.6915694
12952,1072.6915694
12953,1072.6915694
12954,1072.6915694
12955,1072.6915694
12956,1072.6915694
12957,1072.6915694
12958,1072.6915694
12959,1072.6915694
12960,1072.6915694
12961,1072.6915694
12962,1072.6915694
12963,1072.6915694
12964,1072.6915694
12965,1072.6915694
12966,1072.6915694
12967,1072.6915694
12968,1072.6915694
12969,1072.65652654
12970,1072.65652654
12971,1072.65652654
12972,1072.65652654
12973,1072.65652654
12974,1072.65652654
12975,1072.65652654
12976,1072.65652654
12977,1072.65652654
12978,1072.65652654
12979,1072.65652654
12980,1072.65652654
12981,1072.65652654
12982,1072.65652654
12983,1072.65652654
12984,1072.65652654
12985,1072.65652654
12986,1072.65652654
12987,1072.65652654
12988,1072.65652654
12989,1072.65652654
12990,1072.65652654
12991,1072.65652654
12992,1072.65652654
12993,1072.65652654
12994,1072.65652654
12995,1072.65652654
12996,1072.65652654
12997,1072.65652654
12998,1072.65652654
12999,1072.65652654
13000,1072.65652654
13001,1072.65652654
13002,1072.65652654
13003,1072.65652654
13004,1072.65652654
13005,1072.65652654
13006,1072.65652654
13007,1072.65652654
13008,1072.65652654
13009,1072.65652654
13010,1072.65652654
13011,1072.65652654
13012,1072.65652654
13013,1072.65652654
13014,1072.65652654
13015,1072.65652654
13016,1072.65652654
13017,1072.65652654
13018,1072.65652654
13019,1072.65652654
13020,1072.65652654
13021,1072.65652654
13022,1072.65652654
13023,1072.65652654
13024,1072.65652654
13025,1072.65652654
13026,1072.65652654
13027,1072.65652654
13028,1072.65652654
13029,1072.65652654
13030,1072.65652654
13031,1072.65652654
13032,1072.65652654
13033,1072.65652654
13034,1072.65652654
13035,1072.65652654
13036,1072.65652654
13037,1072.65652654
13038,1072.65652654
13039,1072.65652654
13040,1072.65652654
13041,1072.65652654
13042,1072.65652654
13043,1072.65652654
13044,1072.65652654
13045,1072.65652654
13046,1072.65652654
13047,1072.65652654
13048,1072.65652654
13049,1072.65652654
13050,1072.65652654
13051,1072.65652654
13052,1072.65652654
13053,1072.65652654
13054,1072.65652654
13055,1072.65652654
13056,1072.65652654
13057,1072.65652654
13058,1072.65652654
13059,1072.65652654
13060,1072.65652654
13061,1072.65652654
13062,1072.65652654
13063,1072.65652654
13064,1072.65652654
13065,1072.65652654
13066,1072.65652654
13067,1072.65652654
13068,1072.65652654
13069,1072.65652654
13070,1072.65652654
13071,1072.65652654
13072,1072.65652654
13073,1072.65652654
13074,1072.65652654
13075,1072.65652654
13076,1072.65652654
13077,1072.65652654
13078,1072.65652654
13079,1072.65652654
13080,1072.65652654
13081,1072.65652654
13082,1072.65652654
13083,1072.65652654
13084,1072.65652654
13085,1072.65652654
13086,1072.65652654
13087,1072.65652654
13088,1072.65652654
13089,1072.65652654
13090,1072.65652654
13091,1072.65652654
13092,1072.65652654
13093,1072.65652654
13094,1072.65652654
13095,1072.65652654
13096,1072.65652654
13097,1072.65652654
13098,1072.65652654
13099,1072.65652654
13100,1072.65652654
13101,1072.65652654
13102,1072.65652654
13103,1072.65652654
13104,1072.65652654
13105,1072.65652654
13106,1072.65652654
13107,1072.65652654
13108,1072.65652654
13109,1072.65652654
13110,1072.65652654
13111,1072.65652654
13112,1072.65652654
13113,1072.65652654
13114,1072.65652654
13115,1072.65652654
13116,1072.65652654
13117,1072.65652654
13118,1072.65652654
13119,1072.65652654
13120,1072.65652654
13121,1072.65652654
13122,1072.65652654
13123,1072.65652654
13124,1072.65652654
13125,1072.65652654
13126,1072.65652654
13127,1072.65652654
13128,1072.65652654
13129,1072.65652654
13130,1072.65652654
13131,1072.65652654
13132,1072.65652654
13133,1072.65652654
13134,1072.65652654
13135,1072.65652654
13136,1072.65652654
13137,1072.65652654
13138,1072.65652654
13139,1072.65652654
13140,1072.65652654
13141,1072.65652654
13142,1072.65652654
13143,1072.65652654
13144,1072.65652654
13145,1072.65652654
13146,1072.65652654
13147,1072.65652654
13148,1072.65652654
13149,1072.65652654
13150,1072.65652654
13151,1072.65652654
13152,1072.65652654
13153,1072.65652654
13154,1072.65652654
13155,1072.65652654
13156,1072.65652654
13157,1072.65652654
13158,1072.65652654
13159,1072.65652654
13160,1072.65652654
13161,1072.65652654
13162,1072.65652654
13163,1072.65652654
13164,1072.65652654
13165,1072.65652654
13166,1072.65652654
13167,1072.65652654
13168,1072.65652654
13169,1072.65652654
13170,1072.65652654
13171,1072.65652654
13172,1072.65652654
13173,1072.65652654
13174,1072.65652654
13175,1072.65652654
13176,1072.65652654
13177,1072.65652654
13178,1072.65652654
13179,1072.65652654
13180,1072.65652654
13181,1072.65652654
13182,1072.65652654
13183,1072.65652654
13184,1072.65652654
13185,1072.65652654
13186,1072.65652654
13187,1072.65652654
13188,1072.65652654
13189,1072.65652654
13190,1072.65652654
13191,1072.65652654
13192,1072.65652654
13193,1072.65652654
13194,1072.65652654
13195,1072.65652654
13196,1072.65652654
13197,1072.65652654
13198,1072.65652654
13199,1072.65652654
13200,1072.65652654
13201,1072.65652654
13202,1072.65652654
13203,1072.65652654
13204,1072.65652654
13205,1072.65652654
13206,1072.65652654
13207,1072.65652654
13208,1072.65652654
13209,1072.65652654
13210,1072.65652654
13211,1072.65652654
13212,1072.65652654
13213,1072.65652654
13214,1072.65652654
13215,1072.65652654
13216,1072.65652654
13217,1072.65652654
13218,1072.65652654
13219,1072.65652654
13220,1072.65652654
13221,1072.65652654
13222,1072.65652654
13223,1072.65652654
13224,1072.65652654
13225,1072.65652654
13226,1072.65652654
13227,1072.65652654
13228,1072.65652654
13229,1072.65652654
13230,1072.65652654
13231,1072.65652654
13232,1072.65652654
13233,1072.65652654
13234,1072.65652654
13235,1072.65652654
13236,1072.65652654
13237,1072.65652654
13238,1072.65652654
13239,1072.65652654
13240,1072.65652654
13241,1072.65652654
13242,1072.65652654
13243,1072.65652654
13244,1072.65652654
13245,1072.65652654
13246,1072.65652654
13247,1072.65652654
13248,1072.65652654
13249,1072.65652654
13250,1072.65652654
13251,1072.65652654
13252,1072.65652654
13253,1072.65652654
13254,1072.65652654
13255,1072.65652654
13256,1072.65652654
13257,1072.65652654
13258,1072.65652654
13259,1072.65652654
13260,1072.65652654
13261,1072.65652654
13262,1072.65652654
13263,1072.65652654
13264,1072.65652654
13265,1072.65652654
13266,1072.65652654
13267,1072.65652654
13268,1072.65652654
13269,1072.65652654
13270,1072.65652654
13271,1072.65652654
13272,1072.65652654
13273,1072.65652654
13274,1072.65652654
13275,1072.65652654
13276,1072.65652654
13277,1072.65652654
13278,1072.65652654
13279,1072.65652654
13280,1072.65652654
13281,1072.65652654
13282,1072.65652654
13283,1072.65652654
13284,1072.65652654
13285,1072.65652654
13286,1072.65652654
13287,1072.65652654
13288,1072.65652654
13289,1072.65652654
13290,1072.65652654
13291,1072.65652654
13292,1072.65652654
13293,1072.65652654
13294,1072.65652654
13295,1072.65652654
13296,1072.65652654
13297,1072.65652654
13298,1072.65652654
13299,1072.65652654
13300,1072.65652654
13301,1072.65652654
13302,1072.65652654
13303,1072.65652654
13304,1072.65652654
13305,1072.65652654
13306,1072.65652654
13307,1072.65652654
13308,1072.65652654
13309,1072.65652654
13310,1072.65652654
13311,1072.65652654
13312,1072.65652654
13313,1072.65652654
13314,1072.65652654
13315,1072.65652654
13316,1072.65652654
13317,1072.65652654
13318,1072.65652654
13319,1072.65652654
13320,1072.65652654
13321,1072.65652654
13322,1072.65652654
13323,1072.65652654
13324,1072.65652654
13325,1072.65652654
13326,1072.65652654
13327,1072.65652654
13328,1072.65652654
13329,1072.65652654
13330,1072.65652654
13331,1072.65652654
13332,1072.65652654
13333,1072.65652654
13334,1072.65652654
13335,1072.65652654
13336,1072.65652654
13337,1072.65652654
13338,1072.65652654
13339,1072.65652654
13340,1072.65652654
13341,1072.65652654
13342,1072.65652654
13343,1072.65652654
13344,1072.65652654
13345,1072.65652654
13346,1072.65652654
13347,1072.65652654
13348,1072.65652654
13349,1072.65652654
13350,1072.65652654
13351,1072.65652654
13352,1072.65652654
13353,1072.65652654
13354,1072.65652654
13355,1072.65652654
13356,1072.65652654
13357,1072.65652654
13358,1072.65652654
13359,1072.65652654
13360,1072.65652654
13361,1072.65652654
13362,1072.65652654
13363,1072.65652654
13364,1072.65652654
13365,1072.65652654
13366,1072.65652654
13367,1072.65652654
13368,1072.65652654
13369,1072.65652654
13370,1072.65652654
13371,1072.65652654
13372,1072.65652654
13373,1072.65652654
13374,1072.65652654
13375,1072.65652654
13376,1072.65652654
13377,1072.65652654
13378,1072.65652654
13379,1072.65652654
13380,1072.65652654
13381,1072.65652654
13382,1072.65652654
13383,1072.65652654
13384,1072.65652654
13385,1072.65652654
13386,1072.65652654
13387,1072.65652654
13388,1072.65652654
13389,1072.65652654
13390,1072.65652654
13391,1072.65652654
13392,1072.65652654
13393,1072.65652654
13394,1072.65652654
13395,1072.65652654
13396,1072.65652654
13397,1072.65652654
13398,1072.65652654
13399,1072.65652654
13400,1072.65652654
13401,1072.65652654
13402,1072.65652654
13403,1072.65652654
13404,1072.65652654
13405,1072.65652654
13406,1072.65652654
13407,1072.65652654
13408,1072.65652654
13409,1072.65652654
13410,1072.65652654
13411,1072.65652654
13412,1072.65652654
13413,1072.65652654
13414,1072.65652654
13415,1072.65652654
13416,1072.65652654
13417,1072.65652654
13418,1072.65652654
13419,1072.65652654
13420,1072.65652654
13421,1072.65652654
13422,1072.65652654
13423,1072.65652654
13424,1072.65652654
13425,1072.65652654
13426,1072.65652654
13427,1072.65652654
13428,1072.65652654
13429,1072.65652654
13430,1072.65652654
13431,1072.65652654
13432,1072.65652654
13433,1072.65652654
13434,1072.65652654
13435,1072.65652654
13436,1072.65652654
13437,1072.65652654
13438,1072.65652654
13439,1072.65652654
13440,1072.65652654
13441,1072.65652654
13442,1072.65652654
13443,1072.65652654
13444,1072.65652654
13445,1072.65652654
13446,1072.65652654
13447,1072.65652654
13448,1072.65652654
13449,1072.65652654
13450,1072.65652654
13451,1072.65652654
13452,1072.65652654
13453,1072.65652654
13454,1072.65652654
13455,1072.65652654
13456,1072.65652654
13457,1072.65652654
13458,1072.65652654
13459,1072.65652654
13460,1072.65652654
13461,1072.65652654
13462,1072.65652654
13463,1072.65652654
13464,1072.65652654
13465,1072.39046755
13466,1072.39046755
13467,1072.39046755
13468,1072.39046755
13469,1072.39046755
13470,1072.39046755
13471,1072.39046755
13472,1072.39046755
13473,1072.39046755
13474,1072.39046755
13475,1072.39046755
13476,1072.39046755
13477,1072.39046755
13478,1072.39046755
13479,1072.39046755
13480,1072.39046755
13481,1072.39046755
13482,1072.39046755
13483,1072.39046755
13484,1072.39046755
13485,1072.39046755
13486,1072.39046755
13487,1072.39046755
13488,1072.39046755
13489,1072.39046755
13490,1072.39046755
13491,1072.39046755
13492,1072.39046755
13493,1072.39046755
13494,1072.39046755
13495,1072.39046755
13496,1072.39046755
13497,1072.39046755
13498,1072.39046755
13499,1072.39046755
13500,1072.39046755
13501,1072.39046755
13502,1072.39046755
13503,1072.39046755
13504,1072.39046755
13505,1072.39046755
13506,1072.39046755
13507,1072.39046755
13508,1072.39046755
13509,1072.39046755
13510,1072.39046755
13511,1072.39046755
13512,1072.39046755
13513,1072.39046755
13514,1072.39046755
13515,1072.39046755
13516,1072.39046755
13517,1072.39046755
13518,1072.39046755
13519,1072.39046755
13520,1072.39046755
13521,1072.39046755
13522,1072.39046755
13523,1072.39046755
13524,1072.39046755
13525,1072.39046755
13526,1072.39046755
13527,1072.39046755
13528,1072.39046755
13529,1072.39046755
13530,1072.39046755
13531,1072.39046755
13532,1072.39046755
13533,1072.39046755
13534,1072.39046755
13535,1072.39046755
13536,1072.39046755
13537,1072.39046755
13538,1072.39046755
13539,1072.39046755
13540,1072.39046755
13541,1072.39046755
13542,1072.39046755
13543,1072.39046755
13544,1072.39046755
13545,1072.39046755
13546,1072.39046755
13547,1072.39046755
13548,1072.39046755
13549,1072.39046755
13550,1072.39046755
13551,1072.39046755
13552,1072.39046755
13553,1072.39046755
13554,1072.39046755
13555,1072.39046755
13556,1072.39046755
13557,1072.39046755
13558,1072.39046755
13559,1072.39046755
13560,1072.39046755
13561,1072.39046755
13562,1072.39046755
13563,1072.39046755
13564,1072.39046755
13565,1072.39046755
13566,1072.39046755
13567,1072.39046755
13568,1072.39046755
13569,1072.39046755
13570,1072.39046755
13571,1072.39046755
13572,1072.39046755
13573,1072.39046755
13574,1072.39046755
13575,1072.39046755
13576,1072.39046755
13577,1072.39046755
13578,1072.39046755
13579,1072.39046755
13580,1072.39046755
13581,1072.39046755
13582,1072.39046755
13583,1072.39046755
13584,1072.39046755
13585,1072.39046755
13586,1072.39046755
13587,1072.39046755
13588,1072.39046755
13589,1072.39046755
13590,1072.39046755
13591,1072.39046755
13592,1072.39046755
13593,1072.39046755
13594,1072.39046755
13595,1072.39046755
13596,1072.39046755
13597,1072.39046755
13598,1072.39046755
13599,1072.39046755
13600,1072.39046755
13601,1072.39046755
13602,1072.39046755
13603,1072.39046755
13604,1072.39046755
13605,1072.39046755
13606,1072.39046755
13607,1072.39046755
13608,1072.39046755
13609,1072.39046755
13610,1072.39046755
13611,1072.39046755
13612,1072.39046755
13613,1072.39046755
13614,1072.39046755
13615,1072.39046755
13616,1072.39046755
13617,1072.39046755
13618,1072.39046755
13619,1072.39046755
13620,1072.39046755
13621,1072.39046755
13622,1072.39046755
13623,1072.39046755
13624,1072.39046755
13625,1072.39046755
13626,1072.39046755
13627,1072.39046755
13628,1072.39046755
13629,1072.39046755
13630,1072.39046755
13631,1072.39046755
13632,1072.39046755
13633,1072.39046755
13634,1072.39046755
13635,1072.39046755
13636,1072.39046755
13637,1072.39046755
13638,1072.39046755
13639,1072.39046755
13640,1072.39046755
13641,1072.39046755
13642,1072.39046755
13643,1072.39046755
13644,1072.39046755
13645,1072.39046755
13646,1072.39046755
13647,1072.39046755
13648,1072.39046755
13649,1072.39046755
13650,1072.39046755
13651,1072.39046755
13652,1072.39046755
13653,1072.39046755
13654,1072.39046755
13655,1072.39046755
13656,1072.39046755
13657,1072.39046755
13658,1072.39046755
13659,1072.39046755
13660,1072.39046755
13661,1072.39046755
13662,1072.39046755
13663,1072.39046755
13664,1072.39046755
13665,1072.39046755
13666,1072.39046755
13667,1072.39046755
13668,1072.39046755
13669,1072.39046755
13670,1072.39046755
13671,1072.39046755
13672,1072.39046755
13673,1072.39046755
13674,1072.39046755
13675,1072.39046755
13676,1072.39046755
13677,1072.39046755
13678,1072.39046755
13679,1072.39046755
13680,1072.39046755
13681,1072.39046755
13682,1072.39046755
13683,1072.39046755
13684,1072.39046755
13685,1072.39046755
13686,1072.39046755
13687,1072.39046755
13688,1072.39046755
13689,1072.39046755
13690,1072.39046755
13691,1072.39046755
13692,1072.25326805
13693,1072.25326805
13694,1072.25326805
13695,1072.25326805
13696,1072.25326805
13697,1072.25326805
13698,1072.25326805
13699,1072.25326805
13700,1072.25326805
13701,1072.25326805
13702,1072.25326805
13703,1072.25326805
13704,1072.25326805
13705,1072.25326805
13706,1072.25326805
13707,1072.25326805
13708,1072.25326805
13709,1072.25326805
13710,1072.25326805
13711,1072.25326805
13712,1072.25326805
13713,1072.25326805
13714,1072.25326805
13715,1072.25326805
13716,1072.25326805
13717,1072.25326805
13718,1072.25326805
13719,1072.25326805
13720,1072.25326805
13721,1072.25326805
13722,1072.25326805
13723,1072.25326805
13724,1072.25326805
13725,1072.25326805
13726,1072.25326805
13727,1072.25326805
13728,1072.25326805
13729,1072.25326805
13730,1072.25326805
13731,1072.25326805
13732,1072.25326805
13733,1072.25326805
13734,1072.25326805
13735,1072.25326805
13736,1072.25326805
13737,1072.25326805
13738,1072.25326805
13739,1072.15588612
13740,1072.15588612
13741,1072.15588612
13742,1072.15588612
13743,1072.15588612
13744,1072.15588612
13745,1072.15588612
13746,1072.15588612
13747,1072.15588612
13748,1072.15588612
13749,1072.15588612
13750,1072.15588612
13751,1072.15588612
13752,1072.15588612
13753,1072.15588612
13754,1072.15588612
13755,1072.15588612
13756,1072.15588612
13757,1072.15588612
13758,1072.15588612
13759,1072.15588612
13760,1072.15588612
13761,1072.15588612
13762,1072.15588612
13763,1072.15588612
13764,1072.15588612
13765,1072.15588612
13766,1072.15588612
13767,1072.15588612
13768,1072.15588612
13769,1072.15588612
13770,1072.15588612
13771,1072.15588612
13772,1072.15588612
13773,1072.15588612
13774,1072.15588612
13775,1072.15588612
13776,1072.15588612
13777,1072.15588612
13778,1072.15588612
13779,1072.15588612
13780,1072.15588612
13781,1072.15588612
13782,1072.15588612
13783,1072.15588612
13784,1072.15588612
13785,1072.15588612
13786,1072.15588612
13787,1072.15588612
13788,1072.15588612
13789,1072.15588612
13790,1072.15588612
13791,1072.15588612
13792,1072.15588612
13793,1072.15588612
13794,1072.15588612
13795,1072.15588612
13796,1072.15588612
13797,1072.15588612
13798,1072.15588612
13799,1072.15588612
13800,1072.15588612
13801,1072.15588612
13802,1072.15588612
13803,1072.15588612
13804,1072.15588612
13805,1072.15588612
13806,1072.15588612
13807,1072.15588612
13808,1072.15588612
13809,1072.15588612
13810,1072.15588612
13811,1072.15588612
13812,1072.15588612
13813,1072.15588612
13814,1072.15588612
13815,1072.15588612
13816,1072.15588612
13817,1072.15588612
13818,1072.15588612
13819,1072.15588612
13820,1072.15588612
13821,1072.15588612
13822,1072.15588612
13823,1072.15588612
13824,1072.15588612
13825,1072.15588612
13826,1072.15588612
13827,1072.15588612
13828,1072.15588612
13829,1072.15588612
13830,1072.15588612
13831,1072.15588612
13832,1072.15588612
13833,1072.15588612
13834,1072.15588612
13835,1072.15588612
13836,1072.15588612
13837,1072.15588612
13838,1072.15588612
13839,1072.15588612
13840,1072.15588612
13841,1072.15588612
13842,1072.15588612
13843,1072.15588612
13844,1072.15588612
13845,1072.15588612
13846,1072.15588612
13847,1072.15588612
13848,1072.15588612
13849,1072.15588612
13850,1072.15588612
13851,1072.15588612
13852,1072.15588612
13853,1072.15588612
13854,1072.15588612
13855,1072.15588612
13856,1072.15588612
13857,1072.04104525
13858,1072.04104525
13859,1072.04104525
13860,1072.04104525
13861,1072.04104525
13862,1072.04104525
13863,1072.04104525
13864,1072.04104525
13865,1072.04104525
13866,1072.04104525
13867,1072.04104525
13868,1072.04104525
13869,1072.04104525
13870,1072.04104525
13871,1072.04104525
13872,1072.04104525
13873,1072.04104525
13874,1072.04104525
13875,1072.04104525
13876,1072.04104525
13877,1072.04104525
13878,1072.04104525
13879,1072.04104525
13880,1072.04104525
13881,1072.04104525
13882,1072.04104525
13883,1072.04104525
13884,1072.04104525
13885,1072.04104525
13886,1072.04104525
13887,1072.04104525
13888,1072.04104525
13889,1072.04104525
13890,1072.04104525
13891,1072.04104525
13892,1072.04104525
13893,1072.04104525
13894,1072.04104525
13895,1072.04104525
13896,1072.04104525
13897,1071.52376304
13898,1071.52376304
13899,1071.52376304
13900,1071.52376304
13901,1071.52376304
13902,1071.52376304
13903,1071.52376304
13904,1071.52376304
13905,1071.52376304
13906,1071.52376304
13907,1071.52376304
13908,1071.52376304
13909,1071.52376304
13910,1071.52376304
13911,1071.52376304
13912,1071.52376304
13913,1071.52376304
13914,1071.52376304
13915,1071.52376304
13916,1071.52376304
13917,1071.52376304
13918,1071.52376304
13919,1071.52376304
13920,1071.52376304
13921,1071.52376304
13922,1071.52376304
13923,1071.52376304
13924,1071.52376304
13925,1071.52376304
13926,1071.52376304
13927,1071.52376304
13928,1071.52376304
13929,1071.52376304
13930,1071.52376304
13931,1071.52376304
13932,1071.52376304
13933,1071.52376304
13934,1071.52376304
13935,1071.52376304
13936,1071.52376304
13937,1071.52376304
13938,1071.52376304
13939,1071.52376304
13940,1071.52376304
13941,1071.52376304
13942,1071.52376304
13943,1071.52376304
13944,1071.52376304
13945,1071.52376304
13946,1071.52376304
13947,1071.52376304
13948,1071.52376304
13949,1071.52376304
13950,1071.52376304
13951,1071.52376304
13952,1071.52376304
13953,1071.52376304
13954,1071.52376304
13955,1071.52376304
13956,1071.52376304
13957,1071.52376304
13958,1071.52376304
13959,1071.52376304
13960,1071.52376304
13961,1071.52376304
13962,1071.52376304
13963,1071.52376304
13964,1071.52376304
13965,1071.52376304
13966,1071.52376304
13967,1071.52376304
13968,1071.52376304
13969,1071.52376304
13970,1071.40224315
13971,1071.40224315
13972,1071.40224315
13973,1071.40224315
13974,1071.40224315
13975,1071.40224315
13976,1071.40224315
13977,1071.40224315
13978,1071.40224315
13979,1071.40224315
13980,1071.40224315
13981,1071.40224315
13982,1071.40224315
13983,1071.40224315
13984,1071.40224315
13985,1071.40224315
13986,1071.40224315
13987,1071.40224315
13988,1071.40224315
13989,1071.40224315
13990,1071.40224315
13991,1071.40224315
13992,1071.40224315
13993,1071.40224315
13994,1071.40224315
13995,1071.40224315
13996,1071.40224315
13997,1071.40224315
13998,1071.40224315
13999,1071.40224315
14000,1071.40224315
14001,1071.40224315
14002,1071.40224315
14003,1071.40224315
14004,1071.40224315
14005,1071.28212792
14006,1071.28212792
14007,1071.28212792
14008,1071.28212792
14009,1071.28212792
14010,1071.28212792
14011,1071.28212792
14012,1071.28212792
14013,1071.28212792
14014,1071.28212792
14015,1071.28212792
14016,1071.28212792
14017,1071.28212792
14018,1071.28212792
14019,1071.28212792
14020,1071.28212792
14021,1071.28212792
14022,1071.28212792
14023,1071.28212792
14024,1071.28212792
14025,1071.28212792
14026,1071.28212792
14027,1071.28212792
14028,1071.28212792
14029,1071.28212792
14030,1071.28212792
14031,1071.28212792
14032,1071.28212792
14033,1071.28212792
14034,1071.28212792
14035,1071.28212792
14036,1071.28212792
14037,1071.28212792
14038,1071.28212792
14039,1071.28212792
14040,1071.28212792
14041,1071.28212792
14042,1071.28212792
14043,1071.28212792
14044,1071.28212792
14045,1071.28212792
14046,1071.28212792
14047,1071.28212792
14048,1071.28212792
14049,1071.28212792
14050,1071.28212792
14051,1071.28212792
14052,1071.28212792
14053,1071.28212792
14054,1071.28212792
14055,1071.28212792
14056,1071.28212792
14057,1071.28212792
14058,1071.28212792
14059,1071.28212792
14060,1071.28212792
14061,1071.28212792
14062,1071.28212792
14063,1071.28212792
14064,1071.28212792
14065,1071.28212792
14066,1071.28212792
14067,1071.28212792
14068,1071.28212792
14069,1071.28212792
14070,1071.28212792
14071,1071.28212792
14072,1071.28212792
14073,1071.28212792
14074,1071.28212792
14075,1071.28212792
14076,1071.28212792
14077,1071.28212792
14078,1071.28212792
14079,1071.28212792
14080,1071.28212792
14081,1071.28212792
14082,1071.28212792
14083,1071.28212792
14084,1071.28212792
14085,1071.28212792
14086,1071.28212792
14087,1071.28212792
14088,1071.28212792
14089,1071.28212792
14090,1071.28212792
14091,1071.28212792
14092,1071.28212792
14093,1071.28212792
14094,1071.28212792
14095,1071.28212792
14096,1071.28212792
14097,1071.28212792
14098,1071.28212792
14099,1071.28212792
14100,1070.96407271
14101,1070.96407271
14102,1070.96407271
14103,1070.96407271
14104,1070.96407271
14105,1070.96407271
14106,1070.96407271
14107,1070.96407271
14108,1070.96407271
14109,1070.96407271
14110,1070.96407271
14111,1070.96407271
14112,1070.96407271
14113,1070.96407271
14114,1070.96407271
14115,1070.96407271
14116,1070.96407271
14117,1070.96407271
14118,1070.96407271
14119,1070.96407271
14120,1070.96407271
14121,1070.96407271
14122,1070.96407271
14123,1070.96407271
14124,1070.96407271
14125,1070.96407271
14126,1070.96407271
14127,1070.96407271
14128,1070.96407271
14129,1070.96407271
14130,1070.96407271
14131,1070.96407271
14132,1070.96407271
14133,1070.96407271
14134,1070.96407271
14135,1070.96407271
14136,1070.96407271
14137,1070.96407271
14138,1070.96407271
14139,1070.96407271
14140,1070.96407271
14141,1070.96407271
14142,1070.96407271
14143,1070.96407271
14144,1070.96407271
14145,1070.96407271
14146,1070.96407271
14147,1070.96407271
14148,1070.96407271
14149,1070.96407271
14150,1070.96407271
14151,1070.96407271
14152,1070.96407271
14153,1070.96407271
14154,1070.96407271
14155,1070.96407271
14156,1070.96407271
14157,1070.96407271
14158,1070.96407271
14159,1070.95514991
14160,1070.95514991
14161,1070.95514991
14162,1070.95514991
14163,1070.95514991
14164,1070.95514991
14165,1070.95514991
14166,1070.95514991
14167,1070.95514991
14168,1070.95514991
14169,1070.95514991
14170,1070.95514991
14171,1070.95514991
14172,1070.95514991
14173,1070.95514991
14174,1070.95514991
14175,1070.95514991
14176,1070.95514991
14177,1070.95514991
14178,1070.95514991
14179,1070.95514991
14180,1070.95514991
14181,1070.95514991
14182,1070.95514991
14183,1070.95514991
14184,1070.95514991
14185,1070.95514991
14186,1070.95514991
14187,1070.95514991
14188,1070.95514991
14189,1070.95514991
14190,1070.95514991
14191,1070.95514991
14192,1070.95514991
14193,1070.95514991
14194,1070.95514991
14195,1070.95514991
14196,1070.95514991
14197,1070.95514991
14198,1070.95514991
14199,1070.95514991
14200,1070.95514991
14201,1070.95514991
14202,1070.95514991
14203,1070.95514991
14204,1070.95514991
14205,1070.95514991
14206,1070.95514991
14207,1070.95514991
14208,1070.95514991
14209,1070.95514991
14210,1070.95514991
14211,1070.95514991
14212,1070.95514991
14213,1070.95514991
14214,1070.95514991
14215,1070.95514991
14216,1070.95514991
14217,1070.95514991
14218,1070.95514991
14219,1070.95514991
14220,1070.95514991
14221,1070.95514991
14222,1070.95514991
14223,1070.95514991
14224,1070.95514991
14225,1070.95005031
14226,1070.95005031
14227,1070.95005031
14228,1070.95005031
14229,1070.95005031
14230,1070.95005031
14231,1070.95005031
14232,1070.95005031
14233,1070.95005031
14234,1070.95005031
14235,1070.95005031
14236,1070.95005031
14237,1070.95005031
14238,1070.95005031
14239,1070.95005031
14240,1070.95005031
14241,1070.95005031
14242,1070.95005031
14243,1070.95005031
14244,1070.95005031
14245,1070.95005031
14246,1070.95005031
14247,1070.95005031
14248,1070.95005031
14249,1070.95005031
14250,1070.95005031
14251,1070.95005031
14252,1070.95005031
14253,1070.95005031
14254,1070.95005031
14255,1070.95005031
14256,1070.95005031
14257,1070.95005031
14258,1070.95005031
14259,1070.95005031
14260,1070.95005031
14261,1070.95005031
14262,1070.95005031
14263,1070.95005031
14264,1070.95005031
14265,1070.95005031
14266,1070.95005031
14267,1070.95005031
14268,1070.95005031
14269,1070.95005031
14270,1070.95005031
14271,1070.67688678
14272,1070.67688678
14273,1070.67688678
14274,1070.67688678
14275,1070.67688678
14276,1070.67688678
14277,1070.67688678
14278,1070.67688678
14279,1070.67688678
14280,1070.67688678
14281,1070.67688678
14282,1070.67688678
14283,1070.67688678
14284,1070.67688678
14285,1070.67688678
14286,1070.67688678
14287,1070.67688678
14288,1070.67688678
14289,1070.67688678
14290,1070.67688678
14291,1070.67688678
14292,1070.67688678
14293,1070.67688678
14294,1070.67688678
14295,1070.67688678
14296,1070.67688678
14297,1070.67688678
14298,1070.67688678
14299,1070.67688678
14300,1070.67688678
14301,1070.67688678
14302,1070.67688678
14303,1070.67688678
14304,1070.67688678
14305,1070.67688678
14306,1070.67688678
14307,1070.67688678
14308,1070.67688678
14309,1070.67688678
14310,1070.67688678
14311,1070.67688678
14312,1070.67688678
14313,1070.67688678
14314,1070.67688678
14315,1070.67688678
14316,1070.67688678
14317,1070.67688678
14318,1070.67688678
14319,1070.67688678
14320,1070.67688678
14321,1070.67688678
14322,1070.67688678
14323,1070.67688678
14324,1070.67688678
14325,1070.67688678
14326,1070.67688678
14327,1070.67688678
14328,1070.67688678
14329,1070.67688678
14330,1070.67688678
14331,1070.67688678
14332,1070.67688678
14333,1070.67688678
14334,1070.67688678
14335,1070.67688678
14336,1070.67688678
14337,1070.67688678
14338,1070.67688678
14339,1070.67688678
14340,1070.67688678
14341,1070.67688678
14342,1070.67688678
14343,1070.67688678
14344,1070.67688678
14345,1070.05434047
14346,1070.05434047
14347,1070.05434047
14348,1070.05434047
14349,1070.05434047
14350,1070.05434047
14351,1070.05434047
14352,1070.05434047
14353,1070.05434047
14354,1070.05434047
14355,1069.99112485
14356,1069.99112485
14357,1069.99112485
14358,1069.99112485
14359,1069.99112485
14360,1069.99112485
14361,1069.99112485
14362,1069.99112485
14363,1069.99112485
14364,1069.99112485
14365,1069.99112485
14366,1069.99112485
14367,1069.99112485
14368,1069.99112485
14369,1069.99112485
14370,1069.99112485
14371,1069.99112485
14372,1069.99112485
14373,1069.99112485
14374,1069.99112485
14375,1069.99112485
14376,1069.99112485
14377,1069.99112485
14378,1069.99112485
14379,1069.99112485
14380,1069.99112485
14381,1069.99112485
14382,1069.99112485
14383,1069.99112485
14384,1069.99112485
14385,1069.99112485
14386,1069.99112485
14387,1069.99112485
14388,1069.99112485
14389,1069.99112485
14390,1069.99112485
14391,1069.99112485
14392,1069.99112485
14393,1069.99112485
14394,1069.99112485
14395,1069.99112485
14396,1069.99112485
14397,1069.99112485
14398,1069.72368165
14399,1069.72368165
14400,1069.72368165
14401,1069.72368165
14402,1069.72368165
14403,1069.72368165
14404,1069.72368165
14405,1069.72368165
14406,1069.72368165
14407,1069.72368165
14408,1069.72368165
14409,1069.72368165
14410,1069.72368165
14411,1069.72368165
14412,1069.72368165
14413,1069.72368165
14414,1069.72200839
14415,1069.72200839
14416,1069.72200839
14417,1069.72200839
14418,1069.72200839
14419,1069.72200839
14420,1069.72200839
14421,1069.72200839
14422,1069.72200839
14423,1069.72200839
14424,1069.72200839
14425,1069.72200839
14426,1069.72200839
14427,1069.72200839
14428,1069.72200839
14429,1069.72200839
14430,1069.72200839
14431,1069.72200839
14432,1069.72200839
14433,1069.72200839
14434,1069.72200839
14435,1069.72200839
14436,1069.72200839
14437,1069.72200839
14438,1069.72200839
14439,1069.72200839
14440,1069.72200839
14441,1069.72200839
14442,1069.72200839
14443,1069.72200839
14444,1069.72200839
14445,1069.72200839
14446,1069.72200839
14447,1069.72200839
14448,1069.72200839
14449,1069.72200839
14450,1069.72200839
14451,1069.72200839
14452,1069.72200839
14453,1069.72200839
14454,1069.72200839
14455,1069.72200839
14456,1069.72200839
14457,1069.72200839
14458,1069.72200839
14459,1069.72200839
14460,1069.72200839
14461,1069.72200839
14462,1069.72200839
14463,1069.72200839
14464,1069.72200839
14465,1069.72200839
14466,1069.72200839
14467,1069.72200839
14468,1069.72200839
14469,1069.72200839
14470,1069.72200839
14471,1069.72200839
14472,1069.72200839
14473,1069.72200839
14474,1069.72115531
14475,1069.72115531
14476,1069.72115531
14477,1069.72115531
14478,1069.72115531
14479,1069.72115531
14480,1069.72115531
14481,1069.72115531
14482,1069.72115531
14483,1069.72115531
14484,1069.72115531
14485,1069.72115531
14486,1069.72115531
14487,1069.72115531
14488,1069.72115531
14489,1069.33994437
14490,1069.33994437
14491,1069.33994437
14492,1069.33994437
14493,1069.33994437
14494,1069.33994437
14495,1069.33994437
14496,1069.33994437
14497,1069.33994437
14498,1069.33994437
14499,1069.25900074
14500,1069.25900074
14501,1069.25900074
14502,1069.25900074
14503,1069.25900074
14504,1069.25900074
14505,1069.25900074
14506,1069.25900074
14507,1069.25900074
14508,1069.25900074
14509,1069.25900074
14510,1069.25900074
14511,1069.25900074
14512,1069.25900074
14513,1069.25900074
14514,1069.25900074
14515,1069.25900074
14516,1069.25900074
14517,1069.25900074
14518,1069.25900074
14519,1069.25900074
14520,1069.25900074
14521,1069.25900074
14522,1069.25900074
14523,1069.25900074
14524,1069.25900074
14525,1069.25900074
14526,1069.25900074
14527,1069.25900074
14528,1069.25900074
14529,1069.25900074
14530,1069.25900074
14531,1069.25900074
14532,1069.25900074
14533,1069.25900074
14534,1069.25900074
14535,1069.25900074
14536,1069.25900074
14537,1069.25900074
14538,1069.25900074
14539,1069.25900074
14540,1069.25900074
14541,1069.25900074
14542,1069.25900074
14543,1069.25900074
14544,1069.25900074
14545,1069.25900074
14546,1069.25900074
14547,1069.25900074
14548,1069.25900074
14549,1069.25900074
14550,1069.25900074
14551,1069.25900074
14552,1069.25900074
14553,1069.25900074
14554,1069.25900074
14555,1069.25900074
14556,1069.25900074
14557,1069.25900074
14558,1069.25900074
14559,1069.25900074
14560,1069.25900074
14561,1069.25900074
14562,1069.25900074
14563,1069.25900074
14564,1069.25900074
14565,1069.25900074
14566,1069.25900074
14567,1069.25900074
14568,1069.25900074
14569,1069.25900074
14570,1069.25900074
14571,1069.25900074
14572,1069.25900074
14573,1069.25900074
14574,1069.25900074
14575,1069.25900074
14576,1069.25900074
14577,1069.25900074
14578,1069.25900074
14579,1069.25900074
14580,1069.25900074
14581,1069.25900074
14582,1069.25900074
14583,1069.25900074
14584,1069.25900074
14585,1069.25900074
14586,1069.25900074
14587,1069.25900074
14588,1069.25900074
14589,1069.25900074
14590,1069.25900074
14591,1069.25900074
14592,1069.25900074
14593,1069.25900074
14594,1069.25900074
14595,1069.07642446
14596,1069.07642446
14597,1069.07642446
14598,1069.07642446
14599,1069.07642446
14600,1069.07642446
14601,1069.07642446
14602,1069.07642446
14603,1069.07642446
14604,1069.07642446
14605,1069.07642446
14606,1069.07642446
14607,1069.07642446
14608,1069.07642446
14609,1069.07642446
14610,1069.07642446
14611,1069.07642446
14612,1069.07642446
14613,1069.07642446
14614,1069.07642446
14615,1069.07642446
14616,1069.07642446
14617,1069.07642446
14618,1069.07642446
14619,1069.07642446
14620,1069.07642446
14621,1069.07642446
14622,1069.07642446
14623,1069.07642446
14624,1069.07642446
14625,1069.07642446
14626,1069.07642446
14627,1069.07642446
14628,1069.07642446
14629,1069.07642446
14630,1069.07642446
14631,1069.07642446
14632,1069.07642446
14633,1069.07642446
14634,1069.07642446
14635,1069.07642446
14636,1069.07642446
14637,1069.07642446
14638,1069.07642446
14639,1069.07642446
14640,1069.07642446
14641,1069.07642446
14642,1069.07642446
14643,1069.07642446
14644,1069.07642446
14645,1069.07642446
14646,1069.07642446
14647,1069.07642446
14648,1069.07642446
14649,1069.07642446
14650,1069.07642446
14651,1069.07642446
14652,1069.07642446
14653,1069.07642446
14654,1069.07642446
14655,1069.07642446
14656,1069.07642446
14657,1069.07642446
14658,1069.07642446
14659,1069.07642446
14660,1069.07642446
14661,1069.07642446
14662,1069.07642446
14663,1069.07642446
14664,1069.07642446
14665,1069.07642446
14666,1069.07642446
14667,1069.07642446
14668,1069.07642446
14669,1069.07642446
14670,1069.07642446
14671,1069.07642446
14672,1069.07642446
14673,1069.07642446
14674,1069.07642446
14675,1069.07642446
14676,1069.07642446
14677,1069.07642446
14678,1069.07642446
14679,1069.07642446
14680,1069.07642446
14681,1069.07642446
14682,1069.07642446
14683,1069.07642446
14684,1069.07642446
14685,1069.07642446
14686,1069.07642446
14687,1069.07642446
14688,1069.07642446
14689,1069.07642446
14690,1069.07642446
14691,1069.07642446
14692,1069.07642446
14693,1069.07642446
14694,1069.07642446
14695,1069.07642446
14696,1069.07642446
14697,1069.07642446
14698,1069.07642446
14699,1069.07642446
14700,1069.07642446
14701,1069.07642446
14702,1069.07642446
14703,1069.07642446
14704,1069.07642446
14705,1069.07642446
14706,1069.07642446
14707,1069.07642446
14708,1069.05351692
14709,1069.05351692
14710,1069.05351692
14711,1069.05351692
14712,1069.05351692
14713,1069.05351692
14714,1069.05351692
14715,1069.05351692
14716,1069.05351692
14717,1068.81082121
14718,1068.81082121
14719,1068.81082121
14720,1068.81082121
14721,1068.81082121
14722,1068.81082121
14723,1068.81082121
14724,1068.81082121
14725,1068.81082121
14726,1068.81082121
14727,1068.81082121
14728,1068.81082121
14729,1068.81082121
14730,1068.81082121
14731,1068.81082121
14732,1068.81082121
14733,1068.81082121
14734,1068.81082121
14735,1068.81082121
14736,1068.81082121
14737,1068.81082121
14738,1068.81082121
14739,1068.81082121
14740,1068.81082121
14741,1068.81082121
14742,1068.81082121
14743,1068.81082121
14744,1068.81082121
14745,1068.81082121
14746,1068.81082121
14747,1068.81082121
14748,1068.81082121
14749,1068.81082121
14750,1068.81082121
14751,1068.81082121
14752,1068.81082121
14753,1068.81082121
14754,1068.81082121
14755,1068.81082121
14756,1068.81082121
14757,1068.81082121
14758,1068.81082121
14759,1068.81082121
14760,1068.81082121
14761,1068.81082121
14762,1068.81082121
14763,1068.81082121
14764,1068.81082121
14765,1068.81082121
14766,1068.81082121
14767,1068.81082121
14768,1068.81082121
14769,1068.81082121
14770,1068.81082121
14771,1068.81082121
14772,1068.81082121
14773,1068.81082121
14774,1068.81082121
14775,1068.81082121
14776,1068.81082121
14777,1068.81082121
14778,1068.81082121
14779,1068.81082121
14780,1068.81082121
14781,1068.81082121
14782,1068.81082121
14783,1068.81082121
14784,1068.81082121
14785,1068.81082121
14786,1068.81082121
14787,1068.81082121
14788,1068.81082121
14789,1068.81082121
14790,1068.81082121
14791,1068.81082121
14792,1068.81082121
14793,1068.81082121
14794,1068.81082121
14795,1068.81082121
14796,1068.81082121
14797,1068.81082121
14798,1068.81082121
14799,1068.81082121
14800,1068.81082121
14801,1068.81082121
14802,1068.81082121
14803,1068.81082121
14804,1068.81082121
14805,1068.81082121
14806,1068.81082121
14807,1068.81082121
14808,1068.81082121
14809,1068.81082121
14810,1068.81082121
14811,1068.81082121
14812,1068.81082121
14813,1068.81082121
14814,1068.81082121
14815,1068.81082121
14816,1068.81082121
14817,1068.81082121
14818,1068.81082121
14819,1068.81082121
14820,1068.68112302
14821,1068.68112302
14822,1068.68112302
14823,1068.68112302
14824,1068.68112302
14825,1068.68112302
14826,1068.68112302
14827,1068.68112302
14828,1068.68112302
14829,1068.68112302
14830,1068.68112302
14831,1068.68112302
14832,1068.68112302
14833,1068.68112302
14834,1068.68112302
14835,1068.68112302
14836,1068.68112302
14837,1068.68112302
14838,1068.68112302
14839,1068.68112302
14840,1068.68112302
14841,1068.68112302
14842,1068.68112302
14843,1068.68112302
14844,1068.68112302
14845,1068.68112302
14846,1068.68112302
14847,1068.68112302
14848,1068.68112302
14849,1068.68112302
14850,1068.68112302
14851,1068.68112302
14852,1068.68112302
14853,1068.68112302
14854,1068.68112302
14855,1068.68112302
14856,1068.68112302
14857,1068.68112302
14858,1068.68112302
14859,1068.68112302
14860,1068.68112302
14861,1068.68112302
14862,1068.68112302
14863,1068.68112302
14864,1068.68112302
14865,1068.68112302
14866,1068.68112302
14867,1068.68112302
14868,1068.68112302
14869,1068.68112302
14870,1068.68112302
14871,1068.68112302
14872,1068.68112302
14873,1068.68112302
14874,1068.68112302
14875,1068.6269661
14876,1068.6269661
14877,1068.6269661
14878,1068.6269661
14879,1068.6269661
14880,1068.6269661
14881,1068.6269661
14882,1068.6269661
14883,1068.6269661
14884,1068.6269661
14885,1068.6269661
14886,1068.6269661
14887,1068.6269661
14888,1068.6269661
14889,1068.6269661
14890,1068.6269661
14891,1068.6269661
14892,1068.6269661
14893,1068.6269661
14894,1068.6269661
14895,1068.6269661
14896,1068.6269661
14897,1068.6269661
14898,1068.6269661
14899,1068.6269661
14900,1068.6269661
14901,1068.6269661
14902,1068.6269661
14903,1068.6269661
14904,1068.6269661
14905,1068.6269661
14906,1068.6269661
14907,1068.6269661
14908,1068.6269661
14909,1068.6269661
14910,1068.6269661
14911,1068.6269661
14912,1068.6269661
14913,1068.6269661
14914,1068.6269661
14915,1068.6269661
14916,1068.6269661
14917,1068.6269661
14918,1068.6269661
14919,1068.6269661
14920,1068.6269661
14921,1068.6269661
14922,1068.6269661
14923,1068.6269661
14924,1068.6269661
14925,1068.6269661
14926,1068.6269661
14927,1068.6269661
14928,1068.6269661
14929,1068.6269661
14930,1068.6269661
14931,1068.37266275
14932,1068.37266275
14933,1068.37266275
14934,1068.37266275
14935,1068.37266275
14936,1068.37266275
14937,1068.37266275
14938,1068.37266275
14939,1068.37266275
14940,1068.37266275
14941,1068.37266275
14942,1068.37266275
14943,1068.37266275
14944,1068.37266275
14945,1068.37266275
14946,1068.37266275
14947,1068.37266275
14948,1068.37266275
14949,1068.37266275
14950,1068.37266275
14951,1068.37266275
14952,1068.37266275
14953,1068.37266275
14954,1068.37266275
14955,1068.37266275
14956,1068.37266275
14957,1068.37266275
14958,1068.37266275
14959,1068.37266275
14960,1068.37266275
14961,1068.37266275
14962,1068.37266275
14963,1068.37266275
14964,1068.37266275
14965,1068.37266275
14966,1068.37266275
14967,1068.37266275
14968,1068.37266275
14969,1068.37266275
14970,1068.37266275
14971,1068.37266275
14972,1068.37266275
14973,1068.37266275
14974,1068.37266275
14975,1068.37266275
14976,1068.37266275
14977,1068.37266275
14978,1068.37266275
14979,1068.37266275
14980,1068.37266275
14981,1068.37266275
14982,1068.37266275
14983,1068.37266275
14984,1068.37266275
14985,1068.37266275
14986,1068.37266275
14987,1068.37266275
14988,1068.37266275
14989,1068.37266275
14990,1068.37266275
14991,1068.37266275
14992,1068.37266275
14993,1068.37266275
14994,1068.37266275
14995,1068.37266275
14996,1068.37266275
14997,1068.37266275
14998,1068.37266275
14999,1068.37266275
15000,1068.37266275
15001,1068.37266275
15002,1068.37266275
15003,1068.37266275
15004,1068.37266275
15005,1068.37266275
15006,1068.37266275
15007,1068.3410612
15008,1068.3410612
15009,1068.3410612
15010,1068.3410612
15011,1068.3410612
15012,1068.3410612
15013,1068.3410612
15014,1068.3410612
15015,1068.3410612
15016,1068.3410612
15017,1068.3410612
15018,1068.3410612
15019,1068.3410612
15020,1068.3410612
15021,1068.3410612
15022,1068.3410612
15023,1068.3410612
15024,1068.3410612
15025,1068.3410612
15026,1068.3410612
15027,1068.3410612
15028,1068.3410612
15029,1068.3410612
15030,1068.3410612
15031,1068.3410612
15032,1068.3410612
15033,1068.3410612
15034,1068.3410612
15035,1068.3410612
15036,1068.3410612
15037,1068.3410612
15038,1068.3410612
15039,1068.3410612
15040,1068.3410612
15041,1068.3410612
15042,1068.3410612
15043,1068.3410612
15044,1068.3410612
15045,1068.3410612
15046,1068.3410612
15047,1068.3410612
15048,1068.3410612
15049,1068.3410612
15050,1068.3410612
15051,1068.3410612
15052,1068.3410612
15053,1068.3410612
15054,1068.3410612
15055,1068.3410612
15056,1068.3410612
15057,1068.3410612
15058,1068.3410612
15059,1068.3410612
15060,1068.31268696
15061,1068.31268696
15062,1068.31268696
15063,1068.31268696
15064,1068.31268696
15065,1068.31268696
15066,1068.31268696
15067,1068.31268696
15068,1068.31268696
15069,1068.31268696
15070,1068.31268696
15071,1068.31268696
15072,1068.27772388
15073,1068.27772388
15074,1068.27772388
15075,1068.27772388
15076,1068.27772388
15077,1068.27772388
15078,1068.27772388
15079,1068.27772388
15080,1068.27772388
15081,1068.27772388
15082,1068.27772388
15083,1068.27772388
15084,1068.27772388
15085,1068.27772388
15086,1068.27772388
15087,1068.27772388
15088,1068.27772388
15089,1068.27772388
15090,1068.27772388
15091,1068.27772388
15092,1068.27772388
15093,1068.27772388
15094,1068.27772388
15095,1068.27772388
15096,1068.27772388
15097,1068.27772388
15098,1068.27772388
15099,1068.27772388
15100,1068.27772388
15101,1068.27772388
15102,1068.27772388
15103,1068.27772388
15104,1068.27772388
15105,1068.27772388
15106,1068.27772388
15107,1068.27772388
15108,1068.27772388
15109,1068.27772388
15110,1068.27772388
15111,1068.27772388
15112,1068.27772388
15113,1068.27772388
15114,1068.27772388
15115,1068.27772388
15116,1068.27772388
15117,1068.27772388
15118,1068.27772388
15119,1068.27772388
15120,1068.27772388
15121,1068.27772388
15122,1068.27772388
15123,1068.27772388
15124,1068.27772388
15125,1068.27772388
15126,1068.27772388
15127,1068.27772388
15128,1068.27772388
15129,1068.27772388
15130,1068.27772388
15131,1068.27772388
15132,1068.27772388
15133,1068.27772388
15134,1068.27772388
15135,1068.27772388
15136,1068.27772388
15137,1068.27772388
15138,1068.27772388
15139,1068.27772388
15140,1068.27772388
15141,1068.27772388
15142,1068.27772388
15143,1068.27772388
15144,1068.27772388
15145,1068.27772388
15146,1068.27772388
15147,1068.27772388
15148,1068.27772388
15149,1068.27772388
15150,1068.27772388
15151,1068.27772388
15152,1068.27772388
15153,1068.27772388
15154,1068.27772388
15155,1068.27772388
15156,1068.27772388
15157,1068.27772388
15158,1068.27772388
15159,1068.27772388
15160,1068.27772388
15161,1068.27772388
15162,1068.27772388
15163,1068.27772388
15164,1068.27772388
15165,1068.27772388
15166,1068.27772388
15167,1068.27772388
15168,1068.27772388
15169,1068.27772388
15170,1068.27772388
15171,1068.27772388
15172,1068.27772388
15173,1068.27772388
15174,1068.27772388
15175,1068.27772388
15176,1068.27772388
15177,1068.27772388
15178,1068.27772388
15179,1068.27772388
15180,1068.27772388
15181,1068.27772388
15182,1068.27772388
15183,1068.27772388
15184,1068.27772388
15185,1068.27772388
15186,1068.27772388
15187,1068.27772388
15188,1068.27772388
15189,1068.27772388
15190,1068.27772388
15191,1068.27772388
15192,1068.27772388
15193,1068.27772388
15194,1068.27772388
15195,1068.27772388
15196,1068.27772388
15197,1068.27772388
15198,1068.27772388
15199,1068.27772388
15200,1068.27772388
15201,1068.27772388
15202,1068.27772388
15203,1068.27772388
15204,1068.27772388
15205,1068.27772388
15206,1068.27772388
15207,1068.27772388
15208,1068.27772388
15209,1068.27772388
15210,1068.27772388
15211,1068.27772388
15212,1068.27772388
15213,1068.27772388
15214,1068.27772388
15215,1068.27772388
15216,1068.27772388
15217,1068.27772388
15218,1068.27772388
15219,1068.27772388
15220,1068.27772388
15221,1068.27772388
15222,1068.27772388
15223,1068.27772388
15224,1068.27772388
15225,1068.27772388
15226,1068.27772388
15227,1068.27772388
15228,1068.27772388
15229,1068.27772388
15230,1068.27772388
15231,1068.27772388
15232,1068.27772388
15233,1068.27772388
15234,1068.27772388
15235,1068.27772388
15236,1068.27772388
15237,1068.27772388
15238,1068.27772388
15239,1068.27772388
15240,1068.27772388
15241,1068.27772388
15242,1068.27772388
15243,1068.27772388
15244,1068.27772388
15245,1068.27772388
15246,1068.27772388
15247,1068.27772388
15248,1068.27772388
15249,1068.27772388
15250,1068.27772388
15251,1068.27772388
15252,1068.27772388
15253,1068.27772388
15254,1068.27772388
15255,1068.27772388
15256,1068.27772388
15257,1068.27772388
15258,1068.27772388
15259,1068.27772388
15260,1068.27772388
15261,1068.27772388
15262,1068.27772388
15263,1068.27772388
15264,1068.27772388
15265,1068.27772388
15266,1068.27772388
15267,1068.27772388
15268,1068.27772388
15269,1068.27772388
15270,1068.27772388
15271,1068.27772388
15272,1068.27772388
15273,1068.27772388
15274,1068.27772388
15275,1068.27772388
15276,1068.27772388
15277,1068.27772388
15278,1068.27772388
15279,1068.27772388
15280,1068.27772388
15281,1068.27772388
15282,1068.27772388
15283,1068.27772388
15284,1068.27772388
15285,1068.27772388
15286,1068.27772388
15287,1068.27772388
15288,1068.27772388
15289,1068.27772388
15290,1068.27772388
15291,1068.27772388
15292,1068.27772388
15293,1068.27772388
15294,1068.27772388
15295,1068.27772388
15296,1068.27772388
15297,1068.27772388
15298,1068.27772388
15299,1068.27772388
15300,1068.27772388
15301,1068.27772388
15302,1068.27772388
15303,1068.27772388
15304,1068.27772388
15305,1068.27772388
15306,1068.27772388
15307,1068.27772388
15308,1068.27772388
15309,1068.27772388
15310,1068.27772388
15311,1068.27772388
15312,1068.27772388
15313,1068.27772388
15314,1068.27772388
15315,1068.27772388
15316,1068.27772388
15317,1068.27772388
15318,1068.27772388
15319,1068.27772388
15320,1068.27772388
15321,1068.27772388
15322,1068.27772388
15323,1068.27772388
15324,1068.27772388
15325,1068.27772388
15326,1068.27772388
15327,1068.27772388
15328,1068.27772388
15329,1068.27772388
15330,1068.27772388
15331,1068.27772388
15332,1068.27772388
15333,1068.27772388
15334,1068.27772388
15335,1068.27772388
15336,1068.27772388
15337,1068.27772388
15338,1068.27772388
15339,1068.27772388
15340,1068.27772388
15341,1068.27772388
15342,1068.27772388
15343,1068.27772388
15344,1068.27772388
15345,1068.27772388
15346,1068.27772388
15347,1068.27772388
15348,1068.27772388
15349,1068.27772388
15350,1068.27772388
15351,1068.27772388
15352,1068.27772388
15353,1068.27772388
15354,1068.27772388
15355,1068.27772388
15356,1068.27772388
15357,1068.27772388
15358,1068.27772388
15359,1068.27772388
15360,1068.27772388
15361,1068.27772388
15362,1068.27772388
15363,1068.27772388
15364,1068.27772388
15365,1068.27772388
15366,1068.27772388
15367,1068.27772388
15368,1068.27772388
15369,1068.27772388
15370,1068.27772388
15371,1068.27772388
15372,1068.27772388
15373,1068.27772388
15374,1068.27772388
15375,1068.27772388
15376,1068.27772388
15377,1068.27772388
15378,1068.27772388
15379,1068.27772388
15380,1068.27772388
15381,1068.27772388
15382,1068.27772388
15383,1068.27772388
15384,1068.27772388
15385,1068.27772388
15386,1068.27772388
15387,1068.27772388
15388,1068.27772388
15389,1068.27772388
15390,1068.27772388
15391,1068.27772388
15392,1068.27772388
15393,1068.27772388
15394,1068.27772388
15395,1068.27772388
15396,1068.27772388
15397,1068.27772388
15398,1068.27772388
15399,1068.27772388
15400,1068.27772388
15401,1068.27772388
15402,1068.27772388
15403,1068.27772388
15404,1068.27772388
15405,1068.27772388
15406,1068.27772388
15407,1068.27772388
15408,1068.27772388
15409,1068.27772388
15410,1068.27772388
15411,1068.27772388
15412,1068.27772388
15413,1068.27772388
15414,1068.27772388
15415,1068.27772388
15416,1068.27772388
15417,1068.27772388
15418,1068.27772388
15419,1068.27772388
15420,1068.27772388
15421,1068.27772388
15422,1068.27772388
15423,1068.27772388
15424,1068.27772388
15425,1068.27772388
15426,1068.27772388
15427,1068.27772388
15428,1068.27772388
15429,1068.27772388
15430,1068.27772388
15431,1068.27772388
15432,1068.27772388
15433,1068.27772388
15434,1068.27772388
15435,1068.27772388
15436,1068.27772388
15437,1068.27772388
15438,1068.27772388
15439,1068.27772388
15440,1068.27772388
15441,1068.27772388
15442,1068.27772388
15443,1068.27772388
15444,1068.27772388
15445,1068.27772388
15446,1068.27772388
15447,1068.27772388
15448,1068.27772388
15449,1068.27772388
15450,1068.27772388
15451,1068.27772388
15452,1068.27772388
15453,1068.27772388
15454,1068.27772388
15455,1068.27772388
15456,1068.27772388
15457,1068.27772388
15458,1068.27772388
15459,1068.27772388
15460,1068.27772388
15461,1068.27772388
15462,1068.27772388
15463,1068.27772388
15464,1068.27772388
15465,1068.27772388
15466,1068.27772388
15467,1068.27772388
15468,1068.27772388
15469,1068.27772388
15470,1068.27772388
15471,1068.27772388
15472,1068.27772388
15473,1068.27772388
15474,1068.27772388
15475,1068.27772388
15476,1068.27772388
15477,1068.27772388
15478,1068.27772388
15479,1068.27772388
15480,1068.27772388
15481,1068.27772388
15482,1068.27772388
15483,1068.27772388
15484,1068.27772388
15485,1068.27772388
15486,1068.27772388
15487,1068.27772388
15488,1068.27772388
15489,1068.27772388
15490,1068.27772388
15491,1068.27772388
15492,1068.27772388
15493,1068.27772388
15494,1068.27772388
15495,1068.27772388
15496,1068.27772388
15497,1068.27772388
15498,1068.27772388
15499,1068.27772388
15500,1068.27772388
15501,1068.27772388
15502,1068.27772388
15503,1068.27772388
15504,1068.27772388
15505,1068.27772388
15506,1068.27772388
15507,1068.27772388
15508,1068.27772388
15509,1068.27772388
15510,1068.27772388
15511,1068.27772388
15512,1068.27772388
15513,1068.27772388
15514,1068.27772388
15515,1068.27772388
15516,1068.27772388
15517,1068.27772388
15518,1068.27772388
15519,1068.27772388
15520,1068.27772388
15521,1068.27772388
15522,1068.27772388
15523,1068.27772388
15524,1068.27772388
15525,1068.27772388
15526,1068.27772388
15527,1068.27772388
15528,1068.27772388
15529,1068.27772388
15530,1068.27772388
15531,1068.27772388
15532,1068.27772388
15533,1068.27772388
15534,1068.27772388
15535,1068.27772388
15536,1068.27772388
15537,1068.27772388
15538,1068.27772388
15539,1068.27772388
15540,1068.27772388
15541,1068.27772388
15542,1068.27772388
15543,1068.27772388
15544,1068.27772388
15545,1068.27772388
15546,1068.27772388
15547,1068.27772388
15548,1068.27772388
15549,1068.27772388
15550,1068.27772388
15551,1068.27772388
15552,1068.27772388
15553,1068.27772388
15554,1068.27772388
15555,1068.27772388
15556,1068.27772388
15557,1068.27772388
15558,1068.27772388
15559,1068.27772388
15560,1068.27772388
15561,1068.27772388
15562,1068.27772388
15563,1068.27772388
15564,1068.27772388
15565,1068.27772388
15566,1068.27772388
15567,1068.27772388
15568,1068.27772388
15569,1068.27772388
15570,1068.27772388
15571,1068.27772388
15572,1068.27772388
15573,1068.27772388
15574,1068.27772388
15575,1068.27772388
15576,1068.27772388
15577,1068.27772388
15578,1068.27772388
15579,1068.27772388
15580,1068.27772388
15581,1068.27772388
15582,1068.27772388
15583,1068.27772388
15584,1068.27772388
15585,1068.27772388
15586,1068.27772388
15587,1068.27772388
15588,1068.27772388
15589,1068.27772388
15590,1068.27772388
15591,1068.27772388
15592,1068.27772388
15593,1068.27772388
15594,1068.27772388
15595,1068.27772388
15596,1068.27772388
15597,1068.27772388
15598,1068.27772388
15599,1068.27772388
15600,1068.27772388
15601,1068.27772388
15602,1068.27772388
15603,1068.27772388
15604,1068.27772388
15605,1068.27772388
15606,1068.27772388
15607,1068.27772388
15608,1068.27772388
15609,1068.27772388
15610,1068.27772388
15611,1068.27772388
15612,1068.27772388
15613,1068.27772388
15614,1068.27772388
15615,1068.27772388
15616,1068.27772388
15617,1068.27772388
15618,1068.27772388
15619,1068.27772388
15620,1068.27772388
15621,1068.27772388
15622,1068.27772388
15623,1068.27772388
15624,1068.27772388
15625,1068.27772388
15626,1068.27772388
15627,1068.27772388
15628,1068.27772388
15629,1068.27772388
15630,1068.27772388
15631,1068.27772388
15632,1068.27772388
15633,1068.27772388
15634,1068.27772388
15635,1068.27772388
15636,1068.27772388
15637,1068.27772388
15638,1068.27772388
15639,1068.27772388
15640,1068.27772388
15641,1068.27772388
15642,1068.27772388
15643,1068.27772388
15644,1068.27772388
15645,1068.27772388
15646,1068.27772388
15647,1068.27772388
15648,1068.27772388
15649,1068.27772388
15650,1068.27772388
15651,1068.27772388
15652,1068.27772388
15653,1068.27772388
15654,1068.27772388
15655,1068.27772388
15656,1068.27772388
15657,1068.27772388
15658,1068.27772388
15659,1068.27772388
15660,1068.27772388
15661,1068.27772388
15662,1068.27772388
15663,1068.27772388
15664,1068.27772388
15665,1068.27772388
15666,1068.27772388
15667,1068.27772388
15668,1068.27772388
15669,1068.27772388
15670,1068.27772388
15671,1068.27772388
15672,1068.27772388
15673,1068.27772388
15674,1068.27772388
15675,1068.27772388
15676,1068.27772388
15677,1068.27772388
15678,1068.27772388
15679,1068.27772388
15680,1068.27772388
15681,1068.27772388
15682,1068.27772388
15683,1068.27772388
15684,1068.27772388
15685,1068.27772388
15686,1068.27772388
15687,1068.27772388
15688,1068.27772388
15689,1068.27772388
15690,1068.27772388
15691,1068.27772388
15692,1068.27772388
15693,1068.27772388
15694,1068.27772388
15695,1068.27772388
15696,1068.27772388
15697,1068.27772388
15698,1068.27772388
15699,1068.27772388
15700,1068.27772388
15701,1068.27772388
15702,1068.27772388
15703,1068.27772388
15704,1068.27772388
15705,1068.27772388
15706,1068.27772388
15707,1068.27772388
15708,1068.27772388
15709,1068.27772388
15710,1068.27772388
15711,1068.27772388
15712,1068.27772388
15713,1068.27772388
15714,1068.27772388
15715,1068.27772388
15716,1068.27772388
15717,1068.27772388
15718,1068.27772388
15719,1068.27772388
15720,1068.27772388
15721,1068.27772388
15722,1068.27772388
15723,1068.27772388
15724,1068.27772388
15725,1068.27772388
15726,1068.27772388
15727,1068.27772388
15728,1068.25091203
15729,1068.25091203
15730,1068.25091203
15731,1068.25091203
15732,1068.25091203
15733,1068.25091203
15734,1068.25091203
15735,1068.25091203
15736,1068.25091203
15737,1068.25091203
15738,1068.25091203
15739,1068.25091203
15740,1068.25091203
15741,1068.25091203
15742,1068.25091203
15743,1068.25091203
15744,1068.25091203
15745,1068.25091203
15746,1068.25091203
15747,1068.25091203
15748,1068.25091203
15749,1068.25091203
15750,1068.25091203
15751,1068.25091203
15752,1068.25091203
15753,1068.25091203
15754,1068.25091203
15755,1068.25091203
15756,1068.25091203
15757,1068.25091203
15758,1068.25091203
15759,1068.25091203
15760,1068.25091203
15761,1068.25091203
15762,1068.25091203
15763,1068.25091203
15764,1068.25091203
15765,1068.25091203
15766,1068.25091203
15767,1068.25091203
15768,1068.25091203
15769,1068.25091203
15770,1068.25091203
15771,1068.25091203
15772,1068.25091203
15773,1068.25091203
15774,1068.25091203
15775,1068.25091203
15776,1068.25091203
15777,1068.25091203
15778,1068.25091203
15779,1068.25091203
15780,1068.25091203
15781,1068.25091203
15782,1068.25091203
15783,1068.25091203
15784,1068.25091203
15785,1068.25091203
15786,1068.25091203
15787,1068.25091203
15788,1068.25091203
15789,1068.25091203
15790,1068.25091203
15791,1068.25091203
15792,1068.25091203
15793,1068.25091203
15794,1068.25091203
15795,1068.25091203
15796,1068.25091203
15797,1068.25091203
15798,1068.25091203
15799,1068.25091203
15800,1068.25091203
15801,1068.25091203
15802,1068.25091203
15803,1068.25091203
15804,1068.25091203
15805,1068.15726099
15806,1068.15726099
15807,1068.15726099
15808,1068.15726099
15809,1068.15726099
15810,1068.15726099
15811,1068.15726099
15812,1068.15726099
15813,1068.15726099
15814,1068.15726099
15815,1068.15726099
15816,1068.15726099
15817,1068.15726099
15818,1068.15726099
15819,1068.15726099
15820,1068.15726099
15821,1068.15726099
15822,1068.15726099
15823,1068.15726099
15824,1068.15726099
15825,1068.15726099
15826,1068.15726099
15827,1068.15726099
15828,1068.15726099
15829,1068.15726099
15830,1068.15726099
15831,1068.15726099
15832,1068.15726099
15833,1068.15726099
15834,1068.15726099
15835,1068.15726099
15836,1068.15726099
15837,1068.15726099
15838,1068.15726099
15839,1068.15726099
15840,1068.15726099
15841,1068.15726099
15842,1068.15726099
15843,1068.15726099
15844,1068.15726099
15845,1068.15726099
15846,1068.15726099
15847,1068.15726099
15848,1068.15726099
15849,1068.15726099
15850,1068.15726099
15851,1068.15726099
15852,1068.15726099
15853,1068.15726099
15854,1068.15726099
15855,1068.15726099
15856,1068.15726099
15857,1068.15726099
15858,1068.15726099
15859,1068.15726099
15860,1068.15726099
15861,1068.15726099
15862,1068.15726099
15863,1068.15726099
15864,1068.15726099
15865,1068.15726099
15866,1068.15726099
15867,1068.15726099
15868,1068.15726099
15869,1068.15726099
15870,1068.15726099
15871,1068.15726099
15872,1068.15726099
15873,1068.15726099
15874,1068.15726099
15875,1068.15726099
15876,1068.15726099
15877,1068.15726099
15878,1068.15726099
15879,1068.15726099
15880,1068.15726099
15881,1068.15726099
15882,1068.15726099
15883,1068.15726099
15884,1068.15726099
15885,1068.15726099
15886,1068.15726099
15887,1068.15726099
15888,1068.15726099
15889,1068.15726099
15890,1068.15726099
15891,1068.15726099
15892,1068.15726099
15893,1068.15726099
15894,1068.15726099
15895,1068.15726099
15896,1068.15726099
15897,1068.15726099
15898,1068.15726099
15899,1068.15726099
15900,1068.15726099
15901,1068.15726099
15902,1068.15726099
15903,1068.15726099
15904,1068.15726099
15905,1068.15726099
15906,1068.15726099
15907,1068.15726099
15908,1068.15726099
15909,1068.15726099
15910,1068.15726099
15911,1068.15726099
15912,1068.15726099
15913,1068.15726099
15914,1068.15726099
15915,1068.15726099
15916,1068.15726099
15917,1068.15726099
15918,1068.15726099
15919,1068.15726099
15920,1068.15726099
15921,1068.15726099
15922,1068.15726099
15923,1068.15726099
15924,1068.15726099
15925,1068.15726099
15926,1068.15726099
15927,1068.15726099
15928,1068.15726099
15929,1068.15726099
15930,1068.15726099
15931,1068.15726099
15932,1068.15726099
15933,1068.15726099
15934,1068.15726099
15935,1068.15726099
15936,1068.15726099
15937,1068.15726099
15938,1068.15726099
15939,1068.15726099
15940,1068.15726099
15941,1068.15726099
15942,1068.15726099
15943,1068.15726099
15944,1068.15726099
15945,1068.15726099
15946,1068.15726099
15947,1068.15726099
15948,1068.15726099
15949,1068.15726099
15950,1068.15726099
15951,1068.15726099
15952,1068.15726099
15953,1068.15726099
15954,1068.15726099
15955,1068.15726099
15956,1068.15726099
15957,1068.15726099
15958,1068.15726099
15959,1068.15726099
15960,1068.15726099
15961,1068.15726099
15962,1068.15726099
15963,1068.15726099
15964,1068.15726099
15965,1068.15726099
15966,1068.15726099
15967,1068.15726099
15968,1068.15726099
15969,1068.15726099
15970,1068.15726099
15971,1068.15726099
15972,1068.15726099
15973,1068.15726099
15974,1068.15726099
15975,1068.15726099
15976,1068.15726099
15977,1068.15726099
15978,1068.15726099
15979,1068.15726099
15980,1068.15726099
15981,1068.00090712
15982,1068.00090712
15983,1068.00090712
15984,1068.00090712
15985,1068.00090712
15986,1068.00090712
15987,1068.00090712
15988,1068.00090712
15989,1068.00090712
15990,1068.00090712
15991,1068.00090712
15992,1068.00090712
15993,1068.00090712
15994,1068.00090712
15995,1068.00090712
15996,1068.00090712
15997,1068.00090712
15998,1068.00090712
15999,1068.00090712
16000,1068.00090712
16001,1068.00090712
16002,1068.00090712
16003,1068.00090712
16004,1068.00090712
16005,1068.00090712
16006,1068.00090712
16007,1068.00090712
16008,1068.00090712
16009,1068.00090712
16010,1068.00090712
16011,1068.00090712
16012,1068.00090712
16013,1068.00090712
16014,1068.00090712
16015,1068.00090712
16016,1068.00090712
16017,1068.00090712
16018,1068.00090712
16019,1068.00090712
16020,1068.00090712
16021,1068.00090712
16022,1068.00090712
16023,1068.00090712
16024,1068.00090712
16025,1068.00090712
16026,1068.00090712
16027,1068.00090712
16028,1068.00090712
16029,1068.00090712
16030,1068.00090712
16031,1068.00090712
16032,1068.00090712
16033,1068.00090712
16034,1068.00090712
16035,1068.00090712
16036,1068.00090712
16037,1068.00090712
16038,1068.00090712
16039,1068.00090712
16040,1068.00090712
16041,1068.00090712
16042,1068.00090712
16043,1068.00090712
16044,1068.00090712
16045,1068.00090712
16046,1068.00090712
16047,1068.00090712
16048,1068.00090712
16049,1068.00090712
16050,1068.00090712
16051,1068.00090712
16052,1068.00090712
16053,1068.00090712
16054,1068.00090712
16055,1068.00090712
16056,1068.00090712
16057,1068.00090712
16058,1068.00090712
16059,1068.00090712
16060,1068.00090712
16061,1068.00090712
16062,1068.00090712
16063,1068.00090712
16064,1068.00090712
16065,1068.00090712
16066,1068.00090712
16067,1068.00090712
16068,1068.00090712
16069,1068.00090712
16070,1068.00090712
16071,1068.00090712
16072,1068.00090712
16073,1068.00090712
16074,1068.00090712
16075,1068.00090712
16076,1068.00090712
16077,1068.00090712
16078,1068.00090712
16079,1068.00090712
16080,1068.00090712
16081,1068.00090712
16082,1068.00090712
16083,1068.00090712
16084,1068.00090712
16085,1068.00090712
16086,1068.00090712
16087,1068.00090712
16088,1068.00090712
16089,1068.00090712
16090,1068.00090712
16091,1068.00090712
16092,1068.00090712
16093,1068.00090712
16094,1068.00090712
16095,1068.00090712
16096,1068.00090712
16097,1068.00090712
16098,1068.00090712
16099,1068.00090712
16100,1067.99669556
16101,1067.99669556
16102,1067.99669556
16103,1067.99669556
16104,1067.99669556
16105,1067.99669556
16106,1067.99669556
16107,1067.99669556
16108,1067.99669556
16109,1067.99669556
16110,1067.99669556
16111,1067.99669556
16112,1067.99669556
16113,1067.99669556
16114,1067.99669556
16115,1067.99669556
16116,1067.99669556
16117,1067.99669556
16118,1067.99669556
16119,1067.99669556
16120,1067.99669556
16121,1067.99669556
16122,1067.99669556
16123,1067.99669556
16124,1067.99669556
16125,1067.99669556
16126,1067.99669556
16127,1067.99669556
16128,1067.99669556
16129,1067.99669556
16130,1067.99669556
16131,1067.99669556
16132,1067.99669556
16133,1067.99669556
16134,1067.99669556
16135,1067.99669556
16136,1067.99669556
16137,1067.99669556
16138,1067.99669556
16139,1067.99669556
16140,1067.99669556
16141,1067.99669556
16142,1067.99669556
16143,1067.99669556
16144,1067.99669556
16145,1067.99669556
16146,1067.99669556
16147,1067.99669556
16148,1067.99669556
16149,1067.99669556
16150,1067.99669556
16151,1067.99669556
16152,1067.99669556
16153,1067.99669556
16154,1067.99669556
16155,1067.99669556
16156,1067.99669556
16157,1067.99669556
16158,1067.99669556
16159,1067.99669556
16160,1067.99669556
16161,1067.99669556
16162,1067.99669556
16163,1067.99669556
16164,1067.99669556
16165,1067.99669556
16166,1067.99669556
16167,1067.99669556
16168,1067.99669556
16169,1067.99669556
16170,1067.99669556
16171,1067.99669556
16172,1067.99669556
16173,1067.99669556
16174,1067.99669556
16175,1067.99669556
16176,1067.99669556
16177,1067.99669556
16178,1067.99669556
16179,1067.99669556
16180,1067.99669556
16181,1067.99669556
16182,1067.99669556
16183,1067.99669556
16184,1067.99669556
16185,1067.99669556
16186,1067.99669556
16187,1067.99669556
16188,1067.99669556
16189,1067.99669556
16190,1067.99669556
16191,1067.99669556
16192,1067.99669556
16193,1067.99669556
16194,1067.99669556
16195,1067.99669556
16196,1067.99669556
16197,1067.99669556
16198,1067.99669556
16199,1067.99669556
16200,1067.99669556
16201,1067.99669556
16202,1067.99669556
16203,1067.99669556
16204,1067.99669556
16205,1067.99669556
16206,1067.99669556
16207,1067.99669556
16208,1067.99669556
16209,1067.99669556
16210,1067.99669556
16211,1067.99669556
16212,1067.99669556
16213,1067.99669556
16214,1067.99669556
16215,1067.99669556
16216,1067.99669556
16217,1067.99669556
16218,1067.99669556
16219,1067.99669556
16220,1067.99669556
16221,1067.99669556
16222,1067.99669556
16223,1067.99669556
16224,1067.99669556
16225,1067.99669556
16226,1067.99669556
16227,1067.99669556
16228,1067.99669556
16229,1067.99669556
16230,1067.99669556
16231,1067.99669556
16232,1067.99669556
16233,1067.99669556
16234,1067.99669556
16235,1067.99669556
16236,1067.99669556
16237,1067.99128453
16238,1067.99128453
16239,1067.99128453
16240,1067.99128453
16241,1067.99128453
16242,1067.99128453
16243,1067.99128453
16244,1067.99128453
16245,1067.99128453
16246,1067.97548871
16247,1067.97548871
16248,1067.97548871
16249,1067.97548871
16250,1067.97548871
16251,1067.97548871
16252,1067.97548871
16253,1067.97548871
16254,1067.97548871
16255,1067.97548871
16256,1067.97548871
16257,1067.97548871
16258,1067.97548871
16259,1067.97548871
16260,1067.9548647
16261,1067.9548647
16262,1067.9548647
16263,1067.9548647
16264,1067.9548647
16265,1067.9548647
16266,1067.9548647
16267,1067.9548647
16268,1067.9548647
16269,1067.9548647
16270,1067.9548647
16271,1067.9548647
16272,1067.9548647
16273,1067.9548647
16274,1067.9548647
16275,1067.9548647
16276,1067.9548647
16277,1067.9548647
16278,1067.9548647
16279,1067.9548647
16280,1067.9548647
16281,1067.9548647
16282,1067.9548647
16283,1067.9548647
16284,1067.9548647
16285,1067.9548647
16286,1067.9548647
16287,1067.9548647
16288,1067.9548647
16289,1067.9548647
16290,1067.9548647
16291,1067.9548647
16292,1067.9548647
16293,1067.9548647
16294,1067.9548647
16295,1067.9548647
16296,1067.9548647
16297,1067.9548647
16298,1067.9548647
16299,1067.9548647
16300,1067.9548647
16301,1067.9548647
16302,1067.9548647
16303,1067.9548647
16304,1067.9548647
16305,1067.9548647
16306,1067.9548647
16307,1067.9548647
16308,1067.9548647
16309,1067.9548647
16310,1067.9548647
16311,1067.9548647
16312,1067.9548647
16313,1067.9548647
16314,1067.9548647
16315,1067.9548647
16316,1067.9548647
16317,1067.9548647
16318,1067.9548647
16319,1067.9548647
16320,1067.9548647
16321,1067.9548647
16322,1067.9548647
16323,1067.9548647
16324,1067.9548647
16325,1067.9548647
16326,1067.9548647
16327,1067.9548647
16328,1067.9548647
16329,1067.9548647
16330,1067.9548647
16331,1067.9548647
16332,1067.9548647
16333,1067.9548647
16334,1067.9548647
16335,1067.9548647
16336,1067.9548647
16337,1067.9548647
16338,1067.9548647
16339,1067.9548647
16340,1067.9548647
16341,1067.9548647
16342,1067.9548647
16343,1067.9548647
16344,1067.9548647
16345,1067.9548647
16346,1067.9548647
16347,1067.9548647
16348,1067.9548647
16349,1067.9548647
16350,1067.9548647
16351,1067.9548647
16352,1067.9548647
16353,1067.9548647
16354,1067.9548647
16355,1067.9548647
16356,1067.9548647
16357,1067.9548647
16358,1067.9548647
16359,1067.9548647
16360,1067.9548647
16361,1067.9548647
16362,1067.9548647
16363,1067.9548647
16364,1067.9548647
16365,1067.9548647
16366,1067.9548647
16367,1067.9548647
16368,1067.9548647
16369,1067.9548647
16370,1067.9548647
16371,1067.9548647
16372,1067.9548647
16373,1067.9548647
16374,1067.9548647
16375,1067.9548647
16376,1067.9548647
16377,1067.9548647
16378,1067.9548647
16379,1067.9548647
16380,1067.9548647
16381,1067.9548647
16382,1067.9548647
16383,1067.9548647
16384,1067.9548647
16385,1067.9548647
16386,1067.9548647
16387,1067.9548647
16388,1067.9548647
16389,1067.9548647
16390,1067.9548647
16391,1067.9548647
16392,1067.9548647
16393,1067.9548647
16394,1067.9548647
16395,1067.9548647
16396,1067.9548647
16397,1067.9548647
16398,1067.9548647
16399,1067.9548647
16400,1067.9548647
16401,1067.9548647
16402,1067.9548647
16403,1067.9548647
16404,1067.9548647
16405,1067.9548647
16406,1067.9548647
16407,1067.9548647
16408,1067.9548647
16409,1067.9548647
16410,1067.9548647
16411,1067.9548647
16412,1067.9548647
16413,1067.9548647
16414,1067.9548647
16415,1067.9548647
16416,1067.9548647
16417,1067.9548647
16418,1067.9548647
16419,1067.9548647
16420,1067.9548647
16421,1067.9548647
16422,1067.9548647
16423,1067.9548647
16424,1067.9548647
16425,1067.9548647
16426,1067.9548647
16427,1067.9548647
16428,1067.9548647
16429,1067.9548647
16430,1067.9548647
16431,1067.9548647
16432,1067.9548647
16433,1067.9548647
16434,1067.9548647
16435,1067.9548647
16436,1067.9548647
16437,1067.9548647
16438,1067.9548647
16439,1067.9548647
16440,1067.9548647
16441,1067.9548647
16442,1067.9548647
16443,1067.9548647
16444,1067.9548647
16445,1067.9548647
16446,1067.9548647
16447,1067.9548647
16448,1067.9548647
16449,1067.9548647
16450,1067.9548647
16451,1067.9548647
16452,1067.9548647
16453,1067.9548647
16454,1067.9548647
16455,1067.9548647
16456,1067.9548647
16457,1067.9548647
16458,1067.9548647
16459,1067.9548647
16460,1067.9548647
16461,1067.9548647
16462,1067.9548647
16463,1067.9548647
16464,1067.9548647
16465,1067.9548647
16466,1067.9548647
16467,1067.9548647
16468,1067.9548647
16469,1067.9548647
16470,1067.9548647
16471,1067.9548647
16472,1067.9548647
16473,1067.9548647
16474,1067.9548647
16475,1067.9548647
16476,1067.9548647
16477,1067.9548647
16478,1067.9548647
16479,1067.9548647
16480,1067.9548647
16481,1067.9548647
16482,1067.9548647
16483,1067.9548647
16484,1067.9548647
16485,1067.9548647
16486,1067.9548647
16487,1067.9548647
16488,1067.9548647
16489,1067.9548647
16490,1067.9548647
16491,1067.9548647
16492,1067.9548647
16493,1067.9548647
16494,1067.9548647
16495,1067.9548647
16496,1067.9548647
16497,1067.9548647
16498,1067.9548647
16499,1067.9548647
16500,1067.9548647
16501,1067.9548647
16502,1067.9548647
16503,1067.9548647
16504,1067.9548647
16505,1067.9548647
16506,1067.9548647
16507,1067.9548647
16508,1067.9548647
16509,1067.9548647
16510,1067.9548647
16511,1067.9548647
16512,1067.9548647
16513,1067.9548647
16514,1067.9548647
16515,1067.9548647
16516,1067.9548647
16517,1067.9548647
16518,1067.9548647
16519,1067.9548647
16520,1067.9548647
16521,1067.9548647
16522,1067.9548647
16523,1067.9548647
16524,1067.9548647
16525,1067.9548647
16526,1067.9548647
16527,1067.9548647
16528,1067.9548647
16529,1067.9548647
16530,1067.9548647
16531,1067.9548647
16532,1067.9548647
16533,1067.9548647
16534,1067.9548647
16535,1067.9548647
16536,1067.9548647
16537,1067.9548647
16538,1067.9548647
16539,1067.9548647
16540,1067.9548647
16541,1067.9548647
16542,1067.9548647
16543,1067.9548647
16544,1067.9548647
16545,1067.9548647
16546,1067.9548647
16547,1067.9548647
16548,1067.9548647
16549,1067.9548647
16550,1067.9548647
16551,1067.9548647
16552,1067.9548647
16553,1067.9548647
16554,1067.9548647
16555,1067.9548647
16556,1067.9548647
16557,1067.9548647
16558,1067.9548647
16559,1067.9548647
16560,1067.9548647
16561,1067.9548647
16562,1067.9548647
16563,1067.9548647
16564,1067.9548647
16565,1067.9548647
16566,1067.9548647
16567,1067.9548647
16568,1067.9548647
16569,1067.9548647
16570,1067.9548647
16571,1067.9548647
16572,1067.9548647
16573,1067.9548647
16574,1067.9548647
16575,1067.9548647
16576,1067.9548647
16577,1067.9548647
16578,1067.9548647
16579,1067.9548647
16580,1067.9548647
16581,1067.9548647
16582,1067.9548647
16583,1067.9548647
16584,1067.9548647
16585,1067.9548647
16586,1067.9548647
16587,1067.9548647
16588,1067.9548647
16589,1067.9548647
16590,1067.9548647
16591,1067.9548647
16592,1067.9548647
16593,1067.9548647
16594,1067.9548647
16595,1067.9548647
16596,1067.9548647
16597,1067.9548647
16598,1067.9548647
16599,1067.9548647
16600,1067.9548647
16601,1067.9548647
16602,1067.9548647
16603,1067.9548647
16604,1067.9548647
16605,1067.9548647
16606,1067.9548647
16607,1067.92563101
16608,1067.92563101
16609,1067.92563101
16610,1067.92563101
16611,1067.92563101
16612,1067.92563101
16613,1067.92563101
16614,1067.92563101
16615,1067.92563101
16616,1067.92563101
16617,1067.92563101
16618,1067.92563101
16619,1067.92563101
16620,1067.92563101
16621,1067.92563101
16622,1067.92563101
16623,1067.92563101
16624,1067.92563101
16625,1067.92563101
16626,1067.92563101
16627,1067.92563101
16628,1067.92563101
16629,1067.92563101
16630,1067.92563101
16631,1067.92563101
16632,1067.92563101
16633,1067.92563101
16634,1067.92563101
16635,1067.92563101
16636,1067.92563101
16637,1067.92563101
16638,1067.92563101
16639,1067.92563101
16640,1067.92563101
16641,1067.92563101
16642,1067.92563101
16643,1067.92563101
16644,1067.92563101
16645,1067.92563101
16646,1067.92563101
16647,1067.92563101
16648,1067.92563101
16649,1067.92563101
16650,1067.92563101
16651,1067.92563101
16652,1067.89981655
16653,1067.89981655
16654,1067.89981655
16655,1067.89981655
16656,1067.89981655
16657,1067.89981655
16658,1067.89981655
16659,1067.89981655
16660,1067.89981655
16661,1067.89981655
16662,1067.89981655
16663,1067.89981655
16664,1067.89981655
16665,1067.89981655
16666,1067.89981655
16667,1067.89981655
16668,1067.89981655
16669,1067.89981655
16670,1067.89981655
16671,1067.89981655
16672,1067.89981655
16673,1067.89981655
16674,1067.89981655
16675,1067.89981655
16676,1067.89981655
16677,1067.89981655
16678,1067.89981655
16679,1067.89981655
16680,1067.89981655
16681,1067.89981655
16682,1067.89981655
16683,1067.89981655
16684,1067.89981655
16685,1067.89981655
16686,1067.89981655
16687,1067.89981655
16688,1067.89981655
16689,1067.89981655
16690,1067.89981655
16691,1067.89981655
16692,1067.89981655
16693,1067.89981655
16694,1067.89981655
16695,1067.89981655
16696,1067.89981655
16697,1067.89981655
16698,1067.89981655
16699,1067.89981655
16700,1067.89981655
16701,1067.89981655
16702,1067.89981655
16703,1067.89981655
16704,1067.89981655
16705,1067.89981655
16706,1067.89981655
16707,1067.89981655
16708,1067.89981655
16709,1067.89981655
16710,1067.89981655
16711,1067.89981655
16712,1067.89981655
16713,1067.89981655
16714,1067.89981655
16715,1067.89981655
16716,1067.89981655
16717,1067.89981655
16718,1067.89981655
16719,1067.89981655
16720,1067.89981655
16721,1067.89981655
16722,1067.89981655
16723,1067.89981655
16724,1067.89981655
16725,1067.89981655
16726,1067.89981655
16727,1067.89981655
16728,1067.89981655
16729,1067.89981655
16730,1067.89981655
16731,1067.89981655
16732,1067.89981655
16733,1067.89981655
16734,1067.89981655
16735,1067.89981655
16736,1067.89981655
16737,1067.89981655
16738,1067.89981655
16739,1067.89981655
16740,1067.89981655
16741,1067.89981655
16742,1067.89981655
16743,1067.89981655
16744,1067.89981655
16745,1067.89981655
16746,1067.89981655
16747,1067.89981655
16748,1067.89981655
16749,1067.89981655
16750,1067.89981655
16751,1067.89981655
16752,1067.89981655
16753,1067.89981655
16754,1067.89981655
16755,1067.89981655
16756,1067.89981655
16757,1067.89981655
16758,1067.89981655
16759,1067.89981655
16760,1067.89981655
16761,1067.89981655
16762,1067.89981655
16763,1067.89981655
16764,1067.89981655
16765,1067.89981655
16766,1067.89981655
16767,1067.89981655
16768,1067.89981655
16769,1067.89981655
16770,1067.89981655
16771,1067.89981655
16772,1067.89981655
16773,1067.89981655
16774,1067.89981655
16775,1067.89981655
16776,1067.89981655
16777,1067.89981655
16778,1067.89981655
16779,1067.89981655
16780,1067.89981655
16781,1067.89981655
16782,1067.89981655
16783,1067.89981655
16784,1067.89981655
16785,1067.89981655
16786,1067.89981655
16787,1067.89981655
16788,1067.89981655
16789,1067.89981655
16790,1067.89981655
16791,1067.89981655
16792,1067.89981655
16793,1067.89981655
16794,1067.89981655
16795,1067.89981655
16796,1067.89981655
16797,1067.89981655
16798,1067.89981655
16799,1067.89981655
16800,1067.89981655
16801,1067.89981655
16802,1067.89981655
16803,1067.89981655
16804,1067.89981655
16805,1067.89981655
16806,1067.89981655
16807,1067.89981655
16808,1067.89981655
16809,1067.89981655
16810,1067.89981655
16811,1067.89981655
16812,1067.89981655
16813,1067.89981655
16814,1067.89981655
16815,1067.89981655
16816,1067.89981655
16817,1067.89981655
16818,1067.89981655
16819,1067.89981655
16820,1067.89981655
16821,1067.89981655
16822,1067.89981655
16823,1067.89981655
16824,1067.89981655
16825,1067.89981655
16826,1067.89981655
16827,1067.89981655
16828,1067.89981655
16829,1067.89981655
16830,1067.89981655
16831,1067.89981655
16832,1067.89981655
16833,1067.89981655
16834,1067.89981655
16835,1067.89981655
16836,1067.89981655
16837,1067.89981655
16838,1067.89981655
16839,1067.89981655
16840,1067.89981655
16841,1067.89981655
16842,1067.89981655
16843,1067.89981655
16844,1067.89981655
16845,1067.89981655
16846,1067.89981655
16847,1067.89981655
16848,1067.89981655
16849,1067.89981655
16850,1067.89981655
16851,1067.89981655
16852,1067.89981655
16853,1067.89981655
16854,1067.89981655
16855,1067.89981655
16856,1067.89981655
16857,1067.89981655
16858,1067.89981655
16859,1067.89981655
16860,1067.89981655
16861,1067.89981655
16862,1067.89981655
16863,1067.89981655
16864,1067.89981655
16865,1067.89981655
16866,1067.89981655
16867,1067.89981655
16868,1067.89981655
16869,1067.89981655
16870,1067.89981655
16871,1067.89981655
16872,1067.89981655
16873,1067.89981655
16874,1067.89981655
16875,1067.89981655
16876,1067.89981655
16877,1067.89981655
16878,1067.89981655
16879,1067.89981655
16880,1067.89981655
16881,1067.89981655
16882,1067.89981655
16883,1067.89981655
16884,1067.89981655
16885,1067.89981655
16886,1067.89981655
16887,1067.89981655
16888,1067.89981655
16889,1067.89981655
16890,1067.89981655
16891,1067.89981655
16892,1067.89981655
16893,1067.89981655
16894,1067.89981655
16895,1067.89981655
16896,1067.89981655
16897,1067.89981655
16898,1067.89981655
16899,1067.89981655
16900,1067.89981655
16901,1067.89981655
16902,1067.89981655
16903,1067.89981655
16904,1067.89981655
16905,1067.89981655
16906,1067.89981655
16907,1067.89981655
16908,1067.89981655
16909,1067.89981655
16910,1067.89981655
16911,1067.89981655
16912,1067.89981655
16913,1067.89981655
16914,1067.89981655
16915,1067.89981655
16916,1067.89981655
16917,1067.89981655
16918,1067.89981655
16919,1067.89981655
16920,1067.89981655
16921,1067.89981655
16922,1067.89981655
16923,1067.89981655
16924,1067.89981655
16925,1067.89981655
16926,1067.89981655
16927,1067.89981655
16928,1067.89981655
16929,1067.89981655
16930,1067.89981655
16931,1067.89981655
16932,1067.89981655
16933,1067.89981655
16934,1067.89981655
16935,1067.89981655
16936,1067.89981655
16937,1067.89981655
16938,1067.89981655
16939,1067.89981655
16940,1067.89981655
16941,1067.89981655
16942,1067.89981655
16943,1067.89981655
16944,1067.89981655
16945,1067.89981655
16946,1067.89981655
16947,1067.89981655
16948,1067.89981655
16949,1067.89981655
16950,1067.89981655
16951,1067.89981655
16952,1067.89981655
16953,1067.75482616
16954,1067.75482616
16955,1067.75482616
16956,1067.75482616
16957,1067.75482616
16958,1067.75482616
16959,1067.75482616
16960,1067.75482616
16961,1067.75482616
16962,1067.75482616
16963,1067.75482616
16964,1067.75482616
16965,1067.75482616
16966,1067.75482616
16967,1067.75482616
16968,1067.75482616
16969,1067.75482616
16970,1067.75482616
16971,1067.75482616
16972,1067.75482616
16973,1067.75482616
16974,1067.75482616
16975,1067.75482616
16976,1067.75482616
16977,1067.75482616
16978,1067.75482616
16979,1067.75482616
16980,1067.75482616
16981,1067.75482616
16982,1067.75482616
16983,1067.75482616
16984,1067.75482616
16985,1067.75482616
16986,1067.75482616
16987,1067.75482616
16988,1067.75482616
16989,1067.75482616
16990,1067.75482616
16991,1067.75482616
16992,1067.75482616
16993,1067.75482616
16994,1067.75482616
16995,1067.75482616
16996,1067.75482616
16997,1067.75482616
16998,1067.75482616
16999,1067.75482616
17000,1067.75482616
17001,1067.75482616
17002,1067.75482616
17003,1067.75482616
17004,1067.75482616
17005,1067.75482616
17006,1067.75482616
17007,1067.75482616
17008,1067.75482616
17009,1067.75482616
17010,1067.75482616
17011,1067.75482616
17012,1067.75482616
17013,1067.75482616
17014,1067.75482616
17015,1067.75482616
17016,1067.75482616
17017,1067.75482616
17018,1067.75482616
17019,1067.75482616
17020,1067.75482616
17021,1067.75482616
17022,1067.75482616
17023,1067.75482616
17024,1067.75482616
17025,1067.75482616
17026,1067.75482616
17027,1067.75482616
17028,1067.75482616
17029,1067.75482616
17030,1067.75482616
17031,1067.75482616
17032,1067.75482616
17033,1067.75482616
17034,1067.75482616
17035,1067.75482616
17036,1067.75482616
17037,1067.75482616
17038,1067.75482616
17039,1067.75482616
17040,1067.75482616
17041,1067.75482616
17042,1067.75482616
17043,1067.75482616
17044,1067.75482616
17045,1067.75482616
17046,1067.75482616
17047,1067.75482616
17048,1067.75482616
17049,1067.75482616
17050,1067.75482616
17051,1067.75482616
17052,1067.75482616
17053,1067.75482616
17054,1067.75482616
17055,1067.75482616
17056,1067.75482616
17057,1067.75482616
17058,1067.75482616
17059,1067.75482616
17060,1067.75482616
17061,1067.75482616
17062,1067.75482616
17063,1067.75482616
17064,1067.75482616
17065,1067.75482616
17066,1067.75482616
17067,1067.75482616
17068,1067.75482616
17069,1067.75482616
17070,1067.75482616
17071,1067.75482616
17072,1067.75482616
17073,1067.75482616
17074,1067.75482616
17075,1067.75482616
17076,1067.75482616
17077,1067.75482616
17078,1067.75482616
17079,1067.75482616
17080,1067.75482616
17081,1067.75482616
17082,1067.75482616
17083,1067.75482616
17084,1067.75482616
17085,1067.75482616
17086,1067.75482616
17087,1067.75482616
17088,1067.75482616
17089,1067.75482616
17090,1067.75482616
17091,1067.75482616
17092,1067.75482616
17093,1067.75482616
17094,1067.75482616
17095,1067.75482616
17096,1067.75482616
17097,1067.75482616
17098,1067.75482616
17099,1067.75482616
17100,1067.75482616
17101,1067.75482616
17102,1067.75482616
17103,1067.75482616
17104,1067.75482616
17105,1067.75482616
17106,1067.75482616
17107,1067.75482616
17108,1067.75482616
17109,1067.75482616
17110,1067.75482616
17111,1067.75482616
17112,1067.75482616
17113,1067.75482616
17114,1067.75482616
17115,1067.75482616
17116,1067.75482616
17117,1067.75482616
17118,1067.75482616
17119,1067.71667322
17120,1067.71667322
17121,1067.71667322
17122,1067.71667322
17123,1067.71667322
17124,1067.71667322
17125,1067.71667322
17126,1067.71667322
17127,1067.71667322
17128,1067.71667322
17129,1067.71667322
17130,1067.71667322
17131,1067.71667322
17132,1067.71667322
17133,1067.71667322
17134,1067.71667322
17135,1067.71667322
17136,1067.71667322
17137,1067.71667322
17138,1067.71667322
17139,1067.71667322
17140,1067.71667322
17141,1067.71667322
17142,1067.71667322
17143,1067.71667322
17144,1067.71667322
17145,1067.71667322
17146,1067.71667322
17147,1067.71667322
17148,1067.71667322
17149,1067.71667322
17150,1067.71667322
17151,1067.67952163
17152,1067.67952163
17153,1067.67952163
17154,1067.67952163
17155,1067.67952163
17156,1067.67952163
17157,1067.67952163
17158,1067.67952163
17159,1067.67952163
17160,1067.67952163
17161,1067.67952163
17162,1067.67952163
17163,1067.67952163
17164,1067.67952163
17165,1067.67952163
17166,1067.67952163
17167,1067.67952163
17168,1067.67952163
17169,1067.67952163
17170,1067.67952163
17171,1067.67952163
17172,1067.67952163
17173,1067.67952163
17174,1067.67952163
17175,1067.67952163
17176,1067.67952163
17177,1067.67952163
17178,1067.67952163
17179,1067.67952163
17180,1067.67952163
17181,1067.67952163
17182,1067.67952163
17183,1067.67952163
17184,1067.67952163
17185,1067.67952163
17186,1067.67952163
17187,1067.67952163
17188,1067.67952163
17189,1067.67952163
17190,1067.67952163
17191,1067.67952163
17192,1067.67952163
17193,1067.67952163
17194,1067.67952163
17195,1067.67952163
17196,1067.67952163
17197,1067.67952163
17198,1067.67952163
17199,1067.67952163
17200,1067.67952163
17201,1067.67952163
17202,1067.67952163
17203,1067.67952163
17204,1067.67952163
17205,1067.67952163
17206,1067.67952163
17207,1067.67952163
17208,1067.52719144
17209,1067.52719144
17210,1067.52719144
17211,1067.52719144
17212,1067.52719144
17213,1067.52719144
17214,1067.52719144
17215,1067.52719144
17216,1067.52719144
17217,1067.52719144
17218,1067.52719144
17219,1067.52719144
17220,1067.52719144
17221,1067.52719144
17222,1067.52719144
17223,1067.52719144
17224,1067.52719144
17225,1067.52719144
17226,1067.52719144
17227,1067.52719144
17228,1067.52719144
17229,1067.52719144
17230,1067.52719144
17231,1067.52719144
17232,1067.52719144
17233,1067.52719144
17234,1067.52719144
17235,1067.52719144
17236,1067.52719144
17237,1067.52719144
17238,1067.52719144
17239,1067.52719144
17240,1067.52719144
17241,1067.52719144
17242,1067.52719144
17243,1067.52719144
17244,1067.52719144
17245,1067.52719144
17246,1067.52719144
17247,1067.52719144
17248,1067.52719144
17249,1067.52719144
17250,1067.52719144
17251,1067.52719144
17252,1067.52719144
17253,1067.52719144
17254,1067.52719144
17255,1067.52719144
17256,1067.52719144
17257,1067.52719144
17258,1067.52719144
17259,1067.52719144
17260,1067.52719144
17261,1067.52719144
17262,1067.52719144
17263,1067.52719144
17264,1067.52719144
17265,1067.52719144
17266,1067.52719144
17267,1067.51833608
17268,1067.51833608
17269,1067.51833608
17270,1067.51833608
17271,1067.51833608
17272,1067.51833608
17273,1067.51833608
17274,1067.51833608
17275,1067.51833608
17276,1067.51833608
17277,1067.51833608
17278,1067.51833608
17279,1067.51833608
17280,1067.51833608
17281,1067.51833608
17282,1067.51833608
17283,1067.51833608
17284,1067.51833608
17285,1067.51833608
17286,1067.51833608
17287,1067.51833608
17288,1067.51833608
17289,1067.51833608
17290,1067.51833608
17291,1067.51833608
17292,1067.51833608
17293,1067.51833608
17294,1067.51833608
17295,1067.51833608
17296,1067.51833608
17297,1067.51833608
17298,1067.51833608
17299,1067.51833608
17300,1067.51833608
17301,1067.51833608
17302,1067.51833608
17303,1067.51833608
17304,1067.51833608
17305,1067.51833608
17306,1067.51833608
17307,1067.51833608
17308,1067.51833608
17309,1067.51833608
17310,1067.51833608
17311,1067.51833608
17312,1067.4504556
17313,1067.4504556
17314,1067.4504556
17315,1067.4504556
17316,1067.4504556
17317,1067.4504556
17318,1067.4504556
17319,1067.4504556
17320,1067.4504556
17321,1067.4504556
17322,1067.4504556
17323,1067.4504556
17324,1067.4504556
17325,1067.4504556
17326,1067.38630056
17327,1067.38630056
17328,1067.38630056
17329,1067.38630056
17330,1067.38630056
17331,1067.38630056
17332,1067.38630056
17333,1067.38630056
17334,1067.38630056
17335,1067.38630056
17336,1067.38630056
17337,1067.38630056
17338,1067.38630056
17339,1067.38630056
17340,1067.38630056
17341,1067.38630056
17342,1067.38630056
17343,1067.38630056
17344,1067.38630056
17345,1067.38630056
17346,1067.38630056
17347,1067.38630056
17348,1067.38630056
17349,1067.38630056
17350,1067.38630056
17351,1067.38630056
17352,1067.38630056
17353,1067.38630056
17354,1067.38630056
17355,1067.38630056
17356,1067.38630056
17357,1067.38630056
17358,1067.38630056
17359,1067.38630056
17360,1067.38630056
17361,1067.38630056
17362,1067.38630056
17363,1067.38630056
17364,1067.38630056
17365,1067.38630056
17366,1067.38630056
17367,1067.38630056
17368,1067.38630056
17369,1067.38630056
17370,1067.38630056
17371,1067.38630056
17372,1067.38630056
17373,1067.38630056
17374,1067.38630056
17375,1067.38630056
17376,1067.38630056
17377,1067.38630056
17378,1067.34637183
17379,1067.34637183
17380,1067.34637183
17381,1067.34637183
17382,1067.34637183
17383,1067.34637183
17384,1067.34637183
17385,1067.34637183
17386,1067.34637183
17387,1067.34637183
17388,1067.34637183
17389,1067.34637183
17390,1067.34637183
17391,1067.34637183
17392,1067.34637183
17393,1067.34637183
17394,1067.34637183
17395,1067.34637183
17396,1067.34637183
17397,1067.34637183
17398,1067.34637183
17399,1067.34637183
17400,1067.34637183
17401,1067.34637183
17402,1067.34637183
17403,1067.34637183
17404,1067.34637183
17405,1067.34637183
17406,1067.34637183
17407,1067.34637183
17408,1067.34637183
17409,1067.34637183
17410,1067.34637183
17411,1067.34637183
17412,1067.34637183
17413,1067.34637183
17414,1067.34637183
17415,1067.34637183
17416,1067.34637183
17417,1067.34637183
17418,1067.34637183
17419,1067.34637183
17420,1067.34637183
17421,1067.34637183
17422,1067.34637183
17423,1067.34637183
17424,1067.34637183
17425,1067.34637183
17426,1067.34637183
17427,1067.34637183
17428,1067.34637183
17429,1067.34637183
17430,1067.34637183
17431,1067.34637183
17432,1067.34637183
17433,1067.34637183
17434,1067.34637183
17435,1067.34637183
17436,1067.34637183
17437,1067.34637183
17438,1067.34637183
17439,1067.34637183
17440,1067.34637183
17441,1067.34637183
17442,1067.34637183
17443,1067.34637183
17444,1067.34637183
17445,1067.34637183
17446,1067.33854997
17447,1067.33854997
17448,1067.33854997
17449,1067.33854997
17450,1067.33854997
17451,1067.33854997
17452,1067.33854997
17453,1067.33854997
17454,1067.33854997
17455,1067.33854997
17456,1067.33854997
17457,1067.33854997
17458,1067.33854997
17459,1067.33854997
17460,1067.33854997
17461,1067.33854997
17462,1067.33854997
17463,1067.33854997
17464,1067.33854997
17465,1067.33854997
17466,1067.33854997
17467,1067.33854997
17468,1067.33854997
17469,1067.33854997
17470,1067.33854997
17471,1067.33854997
17472,1067.33854997
17473,1067.33854997
17474,1067.33854997
17475,1067.33854997
17476,1067.33854997
17477,1067.33854997
17478,1067.33854997
17479,1067.33772158
17480,1067.33772158
17481,1067.33772158
17482,1067.33772158
17483,1067.33772158
17484,1067.33772158
17485,1067.33772158
17486,1067.33772158
17487,1067.33772158
17488,1067.33772158
17489,1067.33772158
17490,1067.33772158
17491,1067.33772158
17492,1067.33772158
17493,1067.33772158
17494,1067.33772158
17495,1067.33772158
17496,1067.33772158
17497,1067.33772158
17498,1067.33772158
17499,1067.33772158
17500,1067.33772158
17501,1067.33772158
17502,1067.33772158
17503,1067.33772158
17504,1067.33772158
17505,1067.33772158
17506,1067.33772158
17507,1067.33772158
17508,1067.33772158
17509,1067.33772158
17510,1067.33772158
17511,1067.33772158
17512,1067.33772158
17513,1067.33772158
17514,1067.33772158
17515,1067.33772158
17516,1067.33772158
17517,1067.33772158
17518,1067.33772158
17519,1067.33772158
17520,1067.33772158
17521,1067.33772158
17522,1067.33772158
17523,1067.33772158
17524,1067.33772158
17525,1067.33772158
17526,1067.33772158
17527,1067.33772158
17528,1067.33772158
17529,1067.33772158
17530,1067.33772158
17531,1067.33772158
17532,1067.33772158
17533,1067.33772158
17534,1067.33772158
17535,1067.33772158
17536,1067.33772158
17537,1067.33772158
17538,1067.33772158
17539,1067.33772158
17540,1067.33772158
17541,1067.33772158
17542,1067.33772158
17543,1067.33772158
17544,1067.33772158
17545,1067.33772158
17546,1067.33772158
17547,1067.33772158
17548,1067.33772158
17549,1067.33772158
17550,1067.33772158
17551,1067.33772158
17552,1067.33772158
17553,1067.33772158
17554,1067.33772158
17555,1067.33772158
17556,1067.33772158
17557,1067.33772158
17558,1067.33772158
17559,1067.33772158
17560,1067.33772158
17561,1067.33772158
17562,1067.33772158
17563,1067.33772158
17564,1067.33772158
17565,1067.33772158
17566,1067.33772158
17567,1067.33772158
17568,1067.33772158
17569,1067.33772158
17570,1067.33772158
17571,1067.33772158
17572,1067.33772158
17573,1067.33772158
17574,1067.33772158
17575,1067.33772158
17576,1067.33772158
17577,1067.33772158
17578,1067.33772158
17579,1067.33772158
17580,1067.33772158
17581,1067.33772158
17582,1067.33772158
17583,1067.33772158
17584,1067.33772158
17585,1067.33772158
17586,1067.33772158
17587,1067.33772158
17588,1067.33772158
17589,1067.33772158
17590,1067.33772158
17591,1067.33772158
17592,1067.33772158
17593,1067.33772158
17594,1067.33772158
17595,1067.33772158
17596,1067.33772158
17597,1067.33772158
17598,1067.33772158
17599,1067.33772158
17600,1067.33772158
17601,1067.33772158
17602,1067.33772158
17603,1067.33772158
17604,1067.33772158
17605,1067.33772158
17606,1067.33772158
17607,1067.33772158
17608,1067.33772158
17609,1067.33772158
17610,1067.33772158
17611,1067.33772158
17612,1067.33772158
17613,1067.33772158
17614,1067.33772158
17615,1067.33772158
17616,1067.33772158
17617,1067.33772158
17618,1067.33772158
17619,1067.33772158
17620,1067.33772158
17621,1067.33772158
17622,1067.33772158
17623,1067.33772158
17624,1067.33772158
17625,1067.33772158
17626,1067.33772158
17627,1067.33772158
17628,1067.33772158
17629,1067.33772158
17630,1067.33772158
17631,1067.33772158
17632,1067.33772158
17633,1067.33772158
17634,1067.33772158
17635,1067.33772158
17636,1067.33772158
17637,1067.33772158
17638,1067.33772158
17639,1067.33772158
17640,1067.33772158
17641,1067.33772158
17642,1067.33772158
17643,1067.33772158
17644,1067.33772158
17645,1067.33772158
17646,1067.33772158
17647,1067.33772158
17648,1067.33772158
17649,1067.33772158
17650,1067.33772158
17651,1067.33772158
17652,1067.33772158
17653,1067.33096904
17654,1067.33096904
17655,1067.33096904
17656,1067.33096904
17657,1067.33096904
17658,1067.33096904
17659,1067.33096904
17660,1067.33096904
17661,1067.33096904
17662,1067.33096904
17663,1067.33096904
17664,1067.33096904
17665,1067.33096904
17666,1067.33096904
17667,1067.33096904
17668,1067.33096904
17669,1067.33096904
17670,1067.33096904
17671,1067.33096904
17672,1067.33096904
17673,1067.33096904
17674,1067.33096904
17675,1067.33096904
17676,1067.33096904
17677,1067.33096904
17678,1067.33096904
17679,1067.33096904
17680,1067.33096904
17681,1067.33096904
17682,1067.33096904
17683,1067.33096904
17684,1067.33096904
17685,1067.33096904
17686,1067.33096904
17687,1067.33096904
17688,1067.33096904
17689,1067.33096904
17690,1067.33096904
17691,1067.33096904
17692,1067.33096904
17693,1067.33096904
17694,1067.33096904
17695,1067.33096904
17696,1067.33096904
17697,1067.33096904
17698,1067.33096904
17699,1067.33096904
17700,1067.33096904
17701,1067.33096904
17702,1067.33096904
17703,1067.33096904
17704,1067.33096904
17705,1067.33096904
17706,1067.33096904
17707,1067.33096904
17708,1067.33096904
17709,1067.33096904
17710,1067.33096904
17711,1067.33096904
17712,1067.33096904
17713,1067.33096904
17714,1067.33096904
17715,1067.33096904
17716,1067.33096904
17717,1067.33096904
17718,1067.33096904
17719,1067.33096904
17720,1067.33096904
17721,1067.33096904
17722,1067.33096904
17723,1067.33096904
17724,1067.33096904
17725,1067.33096904
17726,1067.33096904
17727,1067.33096904
17728,1067.33096904
17729,1067.33096904
17730,1067.33096904
17731,1067.33096904
17732,1067.33096904
17733,1067.33096904
17734,1067.33096904
17735,1067.33096904
17736,1067.33096904
17737,1067.33096904
17738,1067.33096904
17739,1067.33096904
17740,1067.33096904
17741,1067.33096904
17742,1067.33096904
17743,1067.33096904
17744,1067.33096904
17745,1067.33096904
17746,1067.33096904
17747,1067.33096904
17748,1067.33096904
17749,1067.33096904
17750,1067.33096904
17751,1067.33096904
17752,1067.33096904
17753,1067.33096904
17754,1067.33096904
17755,1067.33096904
17756,1067.33096904
17757,1067.33096904
17758,1067.33096904
17759,1067.33096904
17760,1067.33096904
17761,1067.33096904
17762,1067.33096904
17763,1067.33096904
17764,1067.33096904
17765,1067.33096904
17766,1067.33096904
17767,1067.33096904
17768,1067.33096904
17769,1067.33096904
17770,1067.33096904
17771,1067.33096904
17772,1067.33096904
17773,1067.33096904
17774,1067.33096904
17775,1067.33096904
17776,1067.33096904
17777,1067.33096904
17778,1067.33096904
17779,1067.33096904
17780,1067.33096904
17781,1067.33096904
17782,1067.33096904
17783,1067.33096904
17784,1067.33096904
17785,1067.33096904
17786,1067.33096904
17787,1067.33096904
17788,1067.33096904
17789,1067.33096904
17790,1067.33096904
17791,1067.33096904
17792,1067.33096904
17793,1067.33096904
17794,1067.33096904
17795,1067.33096904
17796,1067.33096904
17797,1067.33096904
17798,1067.33096904
17799,1067.33096904
17800,1067.33096904
17801,1067.33096904
17802,1067.33096904
17803,1067.33096904
17804,1067.33096904
17805,1067.33096904
17806,1067.33096904
17807,1067.33096904
17808,1067.33096904
17809,1067.33096904
17810,1067.33096904
17811,1067.33096904
17812,1067.33096904
17813,1067.33096904
17814,1067.33096904
17815,1067.33096904
17816,1067.33096904
17817,1067.33096904
17818,1067.33096904
17819,1067.33096904
17820,1067.33096904
17821,1067.25540674
17822,1067.25540674
17823,1067.25540674
17824,1067.25540674
17825,1067.25540674
17826,1067.25540674
17827,1067.25540674
17828,1067.25540674
17829,1067.25540674
17830,1067.25540674
17831,1067.25540674
17832,1067.25540674
17833,1067.25540674
17834,1067.25540674
17835,1067.25540674
17836,1067.25540674
17837,1067.25540674
17838,1067.25540674
17839,1067.25540674
17840,1067.25540674
17841,1067.25540674
17842,1067.25540674
17843,1067.25540674
17844,1067.25540674
17845,1067.25540674
17846,1067.25540674
17847,1067.25540674
17848,1067.25540674
17849,1067.25540674
17850,1067.25540674
17851,1067.25540674
17852,1067.25540674
17853,1067.25540674
17854,1067.25540674
17855,1067.25540674
17856,1067.25540674
17857,1067.25540674
17858,1067.25540674
17859,1067.25540674
17860,1067.25540674
17861,1067.25540674
17862,1067.25540674
17863,1067.25540674
17864,1067.25540674
17865,1067.25540674
17866,1067.25540674
17867,1067.25540674
17868,1067.25540674
17869,1067.25540674
17870,1067.25540674
17871,1067.25540674
17872,1067.25540674
17873,1067.25540674
17874,1067.25540674
17875,1067.25540674
17876,1067.25540674
17877,1067.25540674
17878,1067.25540674
17879,1067.25540674
17880,1067.25540674
17881,1067.25540674
17882,1067.25540674
17883,1067.25540674
17884,1067.25540674
17885,1067.25540674
17886,1067.25540674
17887,1067.25540674
17888,1067.23806585
17889,1067.23806585
17890,1067.23806585
17891,1067.23806585
17892,1067.23806585
17893,1067.23806585
17894,1067.23806585
17895,1067.23806585
17896,1067.23806585
17897,1067.23806585
17898,1067.23806585
17899,1067.23806585
17900,1067.23806585
17901,1067.23806585
17902,1067.23806585
17903,1067.23806585
17904,1067.23806585
17905,1067.23806585
17906,1067.23806585
17907,1067.23806585
17908,1067.23806585
17909,1067.23806585
17910,1067.23806585
17911,1067.23806585
17912,1067.23806585
17913,1067.23806585
17914,1067.23806585
17915,1067.23806585
17916,1067.23806585
17917,1067.23806585
17918,1067.23806585
17919,1067.23806585
17920,1067.23806585
17921,1067.23806585
17922,1067.23806585
17923,1067.23806585
17924,1067.23806585
17925,1067.23806585
17926,1067.23806585
17927,1067.23806585
17928,1067.23806585
17929,1067.23806585
17930,1067.23806585
17931,1067.23806585
17932,1067.23806585
17933,1067.23806585
17934,1067.23806585
17935,1067.23806585
17936,1067.23806585
17937,1067.23806585
17938,1067.23806585
17939,1067.23806585
17940,1067.23806585
17941,1067.23806585
17942,1067.23806585
17943,1067.23806585
17944,1067.23806585
17945,1067.23806585
17946,1067.23806585
17947,1067.23806585
17948,1067.23806585
17949,1067.23806585
17950,1067.23806585
17951,1067.23806585
17952,1067.23806585
17953,1067.23806585
17954,1067.23806585
17955,1067.23806585
17956,1067.23806585
17957,1067.23806585
17958,1067.23806585
17959,1067.23806585
17960,1067.23806585
17961,1067.23806585
17962,1067.23806585
17963,1067.23806585
17964,1067.23806585
17965,1067.23806585
17966,1067.23806585
17967,1067.23806585
17968,1067.23806585
17969,1067.23806585
17970,1067.23806585
17971,1067.23806585
17972,1067.23806585
17973,1067.23806585
17974,1067.23806585
17975,1067.23806585
17976,1067.23806585
17977,1067.23806585
17978,1067.23806585
17979,1067.23806585
17980,1067.23806585
17981,1067.23806585
17982,1067.23806585
17983,1067.23806585
17984,1067.23806585
17985,1067.23806585
17986,1067.23806585
17987,1067.23806585
17988,1067.23806585
17989,1067.23806585
17990,1067.23806585
17991,1067.23806585
17992,1067.23806585
17993,1067.23806585
17994,1067.23806585
17995,1067.23806585
17996,1067.23806585
17997,1067.23806585
17998,1067.23806585
17999,1067.23806585
18000,1067.23806585
18001,1067.23806585
18002,1067.23806585
18003,1067.23806585
18004,1067.23806585
18005,1067.23806585
18006,1067.23806585
18007,1067.23806585
18008,1067.23806585
18009,1067.23806585
18010,1067.23806585
18011,1067.23806585
18012,1067.23806585
18013,1067.23806585
18014,1067.23806585
18015,1067.23806585
18016,1067.23806585
18017,1067.23806585
18018,1067.23806585
18019,1067.23806585
18020,1067.23806585
18021,1067.23806585
18022,1067.23806585
18023,1067.23806585
18024,1067.23806585
18025,1067.23806585
18026,1067.23806585
18027,1067.23806585
18028,1067.23806585
18029,1067.23806585
18030,1067.23806585
18031,1067.23806585
18032,1067.23806585
18033,1067.23806585
18034,1067.23806585
18035,1067.23806585
18036,1067.23806585
18037,1067.23806585
18038,1067.23806585
18039,1067.23806585
18040,1067.23806585
18041,1067.23806585
18042,1067.23806585
18043,1067.23806585
18044,1067.23806585
18045,1067.23806585
18046,1067.23806585
18047,1067.23806585
18048,1067.23806585
18049,1067.23806585
18050,1067.23806585
18051,1067.23806585
18052,1067.23806585
18053,1067.23806585
18054,1067.23806585
18055,1067.23806585
18056,1067.23806585
18057,1067.23806585
18058,1067.23806585
18059,1067.23806585
18060,1067.23806585
18061,1067.23806585
18062,1067.23806585
18063,1067.23806585
18064,1067.23806585
18065,1067.23806585
18066,1067.23806585
18067,1067.23806585
18068,1067.23806585
18069,1067.21290069
18070,1067.21290069
18071,1067.21290069
18072,1067.21290069
18073,1067.21290069
18074,1067.21290069
18075,1067.21290069
18076,1067.21290069
18077,1067.21290069
18078,1067.21290069
18079,1067.21290069
18080,1067.21290069
18081,1067.21290069
18082,1067.21290069
18083,1067.21290069
18084,1067.21290069
18085,1067.21290069
18086,1067.21290069
18087,1067.21290069
18088,1067.21290069
18089,1067.21290069
18090,1067.21290069
18091,1067.21290069
18092,1067.21290069
18093,1067.21290069
18094,1067.21290069
18095,1067.21290069
18096,1067.21290069
18097,1067.21290069
18098,1067.21290069
18099,1067.21290069
18100,1067.21290069
18101,1067.21290069
18102,1067.21290069
18103,1067.21290069
18104,1067.21290069
18105,1067.21290069
18106,1067.21290069
18107,1067.21290069
18108,1067.21290069
18109,1067.21290069
18110,1067.21290069
18111,1067.21290069
18112,1067.21290069
18113,1067.21290069
18114,1067.21290069
18115,1067.21290069
18116,1067.21290069
18117,1067.21290069
18118,1067.21290069
18119,1067.21290069
18120,1067.21290069
18121,1067.21290069
18122,1067.21290069
18123,1067.21290069
18124,1067.21290069
18125,1067.21290069
18126,1067.21290069
18127,1067.21290069
18128,1067.21290069
18129,1067.21290069
18130,1067.21290069
18131,1067.21290069
18132,1067.21290069
18133,1067.21290069
18134,1067.21290069
18135,1067.21290069
18136,1067.21290069
18137,1067.21290069
18138,1067.21290069
18139,1067.21290069
18140,1067.21290069
18141,1067.21290069
18142,1067.21290069
18143,1067.21290069
18144,1067.21290069
18145,1067.21290069
18146,1067.21290069
18147,1067.21290069
18148,1067.21290069
18149,1067.21290069
18150,1067.21290069
18151,1067.21290069
18152,1067.21290069
18153,1067.21290069
18154,1067.21290069
18155,1067.21290069
18156,1067.21290069
18157,1067.21290069
18158,1067.21290069
18159,1067.21290069
18160,1067.21290069
18161,1067.21290069
18162,1067.21290069
18163,1067.21290069
18164,1067.21290069
18165,1067.21290069
18166,1067.21290069
18167,1067.21290069
18168,1067.21290069
18169,1067.21290069
18170,1067.21290069
18171,1067.21290069
18172,1067.21290069
18173,1067.21290069
18174,1067.21290069
18175,1067.21290069
18176,1067.21290069
18177,1067.21290069
18178,1067.21290069
18179,1067.21290069
18180,1067.21290069
18181,1067.21290069
18182,1067.21290069
18183,1067.21290069
18184,1067.21290069
18185,1067.21290069
18186,1067.21290069
18187,1067.21290069
18188,1067.21290069
18189,1067.21290069
18190,1067.21290069
18191,1067.21290069
18192,1067.21290069
18193,1067.21290069
18194,1067.21290069
18195,1067.21290069
18196,1067.21290069
18197,1067.21290069
18198,1067.21290069
18199,1067.21290069
18200,1067.21290069
18201,1067.21290069
18202,1067.21290069
18203,1067.21290069
18204,1067.21290069
18205,1067.21290069
18206,1067.21290069
18207,1067.21290069
18208,1067.21290069
18209,1067.21290069
18210,1067.21290069
18211,1067.21290069
18212,1067.21290069
18213,1067.21290069
18214,1067.21290069
18215,1067.21290069
18216,1067.21290069
18217,1067.21290069
18218,1067.21290069
18219,1067.21290069
18220,1067.21290069
18221,1067.21290069
18222,1067.21290069
18223,1067.21290069
18224,1067.21290069
18225,1067.21290069
18226,1067.21290069
18227,1067.21290069
18228,1067.21290069
18229,1067.21290069
18230,1067.21290069
18231,1067.21290069
18232,1067.21290069
18233,1067.21290069
18234,1067.21290069
18235,1067.21290069
18236,1067.21290069
18237,1067.21290069
18238,1067.21290069
18239,1067.21290069
18240,1067.21290069
18241,1067.21290069
18242,1067.21290069
18243,1067.21290069
18244,1067.21290069
18245,1067.21290069
18246,1067.21290069
18247,1067.21290069
18248,1067.18020569
18249,1067.18020569
18250,1067.18020569
18251,1067.18020569
18252,1067.18020569
18253,1067.18020569
18254,1067.18020569
18255,1067.18020569
18256,1067.18020569
18257,1067.18020569
18258,1067.18020569
18259,1067.18020569
18260,1067.18020569
18261,1067.18020569
18262,1067.18020569
18263,1067.18020569
18264,1067.18020569
18265,1067.18020569
18266,1067.18020569
18267,1067.18020569
18268,1067.18020569
18269,1067.18020569
18270,1067.18020569
18271,1067.18020569
18272,1067.18020569
18273,1067.18020569
18274,1067.18020569
18275,1067.18020569
18276,1067.18020569
18277,1067.18020569
18278,1067.18020569
18279,1067.18020569
18280,1067.18020569
18281,1067.18020569
18282,1067.18020569
18283,1067.18020569
18284,1067.18020569
18285,1067.18020569
18286,1067.18020569
18287,1067.18020569
18288,1067.18020569
18289,1067.18020569
18290,1067.18020569
18291,1067.18020569
18292,1067.18020569
18293,1067.18020569
18294,1067.18020569
18295,1067.18020569
18296,1067.18020569
18297,1067.18020569
18298,1067.18020569
18299,1067.18020569
18300,1067.18020569
18301,1067.18020569
18302,1067.18020569
18303,1067.18020569
18304,1067.18020569
18305,1067.18020569
18306,1067.18020569
18307,1067.18020569
18308,1067.18020569
18309,1067.18020569
18310,1067.18020569
18311,1067.18020569
18312,1067.18020569
18313,1067.18020569
18314,1067.18020569
18315,1067.18020569
18316,1067.18020569
18317,1067.18020569
18318,1067.18020569
18319,1067.18020569
18320,1067.18020569
18321,1067.18020569
18322,1067.18020569
18323,1067.18020569
18324,1067.18020569
18325,1067.18020569
18326,1067.18020569
18327,1067.18020569
18328,1067.18020569
18329,1067.18020569
18330,1067.18020569
18331,1067.18020569
18332,1067.18020569
18333,1067.18020569
18334,1067.18020569
18335,1067.18020569
18336,1067.18020569
18337,1067.18020569
18338,1067.18020569
18339,1067.18020569
18340,1067.18020569
18341,1067.18020569
18342,1067.18020569
18343,1067.18020569
18344,1067.18020569
18345,1067.18020569
18346,1067.18020569
18347,1067.18020569
18348,1067.18020569
18349,1067.18020569
18350,1067.18020569
18351,1067.18020569
18352,1067.18020569
18353,1067.18020569
18354,1067.18020569
18355,1067.18020569
18356,1067.18020569
18357,1067.18020569
18358,1067.18020569
18359,1067.18020569
18360,1067.18020569
18361,1067.18020569
18362,1067.18020569
18363,1067.18020569
18364,1067.18020569
18365,1067.18020569
18366,1067.18020569
18367,1067.18020569
18368,1067.18020569
18369,1067.18020569
18370,1067.18020569
18371,1067.18020569
18372,1067.18020569
18373,1067.18020569
18374,1067.18020569
18375,1067.18020569
18376,1067.18020569
18377,1067.18020569
18378,1067.18020569
18379,1067.18020569
18380,1067.18020569
18381,1067.18020569
18382,1067.18020569
18383,1067.18020569
18384,1067.18020569
18385,1067.12742384
18386,1067.12742384
18387,1067.12742384
18388,1067.12742384
18389,1067.12742384
18390,1067.12742384
18391,1067.12742384
18392,1067.12742384
18393,1067.12742384
18394,1067.12742384
18395,1067.12742384
18396,1067.12742384
18397,1067.12742384
18398,1067.12742384
18399,1067.12742384
18400,1067.12742384
18401,1067.12742384
18402,1067.12742384
18403,1067.12742384
18404,1067.10711887
18405,1067.10711887
18406,1067.10711887
18407,1067.10711887
18408,1067.10711887
18409,1067.10711887
18410,1067.10711887
18411,1067.10711887
18412,1067.10711887
18413,1067.10711887
18414,1067.10711887
18415,1067.10711887
18416,1067.10711887
18417,1067.10711887
18418,1067.10711887
18419,1067.10711887
18420,1067.10711887
18421,1067.10711887
18422,1067.10711887
18423,1067.10711887
18424,1067.10711887
18425,1067.10711887
18426,1067.10711887
18427,1067.10711887
18428,1067.10711887
18429,1067.10711887
18430,1067.10711887
18431,1067.10711887
18432,1067.10711887
18433,1067.07507802
18434,1067.07507802
18435,1067.07507802
18436,1067.07507802
18437,1067.07507802
18438,1067.07507802
18439,1067.07507802
18440,1067.07507802
18441,1067.07507802
18442,1067.07507802
18443,1067.07507802
18444,1067.07507802
18445,1067.07507802
18446,1067.07507802
18447,1067.07507802
18448,1067.07507802
18449,1067.07507802
18450,1067.07507802
18451,1067.07507802
18452,1067.07507802
18453,1067.07507802
18454,1067.07507802
18455,1067.07507802
18456,1067.07507802
18457,1067.07507802
18458,1067.07507802
18459,1067.07507802
18460,1067.07507802
18461,1067.07507802
18462,1067.07507802
18463,1067.07507802
18464,1067.07507802
18465,1067.07507802
18466,1067.07507802
18467,1067.07507802
18468,1067.07507802
18469,1067.07507802
18470,1067.07507802
18471,1067.07507802
18472,1067.07507802
18473,1067.07507802
18474,1067.07507802
18475,1067.07507802
18476,1067.07507802
18477,1067.07507802
18478,1067.07507802
18479,1067.07507802
18480,1067.07507802
18481,1067.07507802
18482,1067.07507802
18483,1067.07507802
18484,1067.07507802
18485,1067.07507802
18486,1067.07507802
18487,1067.07507802
18488,1067.07507802
18489,1067.07507802
18490,1067.07507802
18491,1067.07507802
18492,1067.07507802
18493,1067.07507802
18494,1067.07507802
18495,1067.07507802
18496,1067.07507802
18497,1067.07507802
18498,1067.07507802
18499,1067.07507802
18500,1067.07507802
18501,1067.07507802
18502,1067.07507802
18503,1067.07507802
18504,1067.07507802
18505,1067.07507802
18506,1067.07507802
18507,1067.07507802
18508,1067.07507802
18509,1067.07507802
18510,1067.07507802
18511,1067.07507802
18512,1067.07507802
18513,1067.07507802
18514,1067.07507802
18515,1067.07507802
18516,1067.07507802
18517,1067.07507802
18518,1067.07507802
18519,1067.07507802
18520,1067.07507802
18521,1067.07507802
18522,1067.07507802
18523,1067.07507802
18524,1067.07507802
18525,1067.07507802
18526,1067.07507802
18527,1067.07507802
18528,1067.07507802
18529,1067.07507802
18530,1067.07507802
18531,1067.07507802
18532,1067.07507802
18533,1067.07507802
18534,1067.07507802
18535,1067.07507802
18536,1067.07507802
18537,1067.07507802
18538,1067.07507802
18539,1067.07507802
18540,1067.07507802
18541,1067.07507802
18542,1067.07507802
18543,1067.07507802
18544,1067.07507802
18545,1067.07507802
18546,1067.07507802
18547,1067.07507802
18548,1067.07507802
18549,1067.07507802
18550,1067.07507802
18551,1067.07507802
18552,1067.07507802
18553,1067.07507802
18554,1067.07507802
18555,1067.07507802
18556,1067.07507802
18557,1067.07507802
18558,1067.07507802
18559,1067.07507802
18560,1067.07507802
18561,1067.07507802
18562,1067.07507802
18563,1067.07507802
18564,1067.07507802
18565,1067.07507802
18566,1067.07507802
18567,1067.07507802
18568,1067.07507802
18569,1067.07507802
18570,1067.07507802
18571,1067.07507802
18572,1067.07507802
18573,1067.07507802
18574,1067.07507802
18575,1067.07507802
18576,1067.07507802
18577,1067.07507802
18578,1067.07507802
18579,1067.07507802
18580,1067.07507802
18581,1067.07507802
18582,1067.07507802
18583,1067.07507802
18584,1067.07507802
18585,1067.07507802
18586,1067.07507802
18587,1067.07507802
18588,1067.07507802
18589,1067.07507802
18590,1067.07507802
18591,1067.07507802
18592,1067.07507802
18593,1067.07507802
18594,1067.07507802
18595,1067.07507802
18596,1067.07507802
18597,1067.07507802
18598,1067.07507802
18599,1067.07507802
18600,1067.07507802
18601,1067.07507802
18602,1067.07507802
18603,1067.07507802
18604,1067.07507802
18605,1067.07507802
18606,1067.07507802
18607,1067.07507802
18608,1067.07507802
18609,1067.07507802
18610,1067.07507802
18611,1067.07507802
18612,1067.07507802
18613,1067.07507802
18614,1067.07507802
18615,1067.07507802
18616,1067.07507802
18617,1067.07507802
18618,1067.07507802
18619,1067.07507802
18620,1067.07507802
18621,1067.07507802
18622,1067.07507802
18623,1067.07507802
18624,1067.07507802
18625,1067.07507802
18626,1067.07507802
18627,1067.07507802
18628,1067.07507802
18629,1067.07507802
18630,1067.07507802
18631,1067.07507802
18632,1067.07507802
18633,1067.07507802
18634,1067.07507802
18635,1067.07507802
18636,1067.07507802
18637,1066.91965189
18638,1066.91965189
18639,1066.91965189
18640,1066.91965189
18641,1066.91965189
18642,1066.91965189
18643,1066.91965189
18644,1066.91965189
18645,1066.91965189
18646,1066.91965189
18647,1066.91965189
18648,1066.91965189
18649,1066.91965189
18650,1066.91965189
18651,1066.91965189
18652,1066.91965189
18653,1066.91965189
18654,1066.91965189
18655,1066.91965189
18656,1066.91965189
18657,1066.91911931
18658,1066.91911931
18659,1066.91911931
18660,1066.87303949
18661,1066.87303949
18662,1066.87303949
18663,1066.87303949
18664,1066.87303949
18665,1066.87303949
18666,1066.87303949
18667,1066.87303949
18668,1066.87303949
18669,1066.87303949
18670,1066.87303949
18671,1066.87303949
18672,1066.87303949
18673,1066.87303949
18674,1066.87303949
18675,1066.87303949
18676,1066.87303949
18677,1066.87303949
18678,1066.87303949
18679,1066.87303949
18680,1066.87303949
18681,1066.87303949
18682,1066.87303949
18683,1066.87303949
18684,1066.87303949
18685,1066.87303949
18686,1066.87303949
18687,1066.87303949
18688,1066.87303949
18689,1066.87303949
18690,1066.87303949
18691,1066.87303949
18692,1066.87303949
18693,1066.87303949
18694,1066.87303949
18695,1066.87303949
18696,1066.87303949
18697,1066.87303949
18698,1066.87303949
18699,1066.87303949
18700,1066.87303949
18701,1066.87303949
18702,1066.87303949
18703,1066.87303949
18704,1066.87303949
18705,1066.87303949
18706,1066.87303949
18707,1066.87303949
18708,1066.87303949
18709,1066.87303949
18710,1066.87303949
18711,1066.87303949
18712,1066.87303949
18713,1066.87303949
18714,1066.87303949
18715,1066.87303949
18716,1066.87303949
18717,1066.87303949
18718,1066.87303949
18719,1066.87303949
18720,1066.87303949
18721,1066.87303949
18722,1066.87303949
18723,1066.87303949
18724,1066.87303949
18725,1066.87303949
18726,1066.87303949
18727,1066.87303949
18728,1066.87303949
18729,1066.87303949
18730,1066.87303949
18731,1066.87303949
18732,1066.87303949
18733,1066.87303949
18734,1066.87303949
18735,1066.87303949
18736,1066.87303949
18737,1066.87303949
18738,1066.87303949
18739,1066.87303949
18740,1066.87303949
18741,1066.85879264
18742,1066.85879264
18743,1066.85879264
18744,1066.85879264
18745,1066.85879264
18746,1066.85879264
18747,1066.85879264
18748,1066.85879264
18749,1066.85879264
18750,1066.85879264
18751,1066.85879264
18752,1066.85879264
18753,1066.85879264
18754,1066.85879264
18755,1066.85879264
18756,1066.85879264
18757,1066.85879264
18758,1066.85879264
18759,1066.85879264
18760,1066.85879264
18761,1066.85879264
18762,1066.85879264
18763,1066.85879264
18764,1066.85879264
18765,1066.85879264
18766,1066.85879264
18767,1066.85879264
18768,1066.85879264
18769,1066.85879264
18770,1066.85879264
18771,1066.85879264
18772,1066.85879264
18773,1066.85879264
18774,1066.85879264
18775,1066.85879264
18776,1066.85879264
18777,1066.85879264
18778,1066.85879264
18779,1066.85879264
18780,1066.85879264
18781,1066.85879264
18782,1066.85879264
18783,1066.85879264
18784,1066.85879264
18785,1066.85879264
18786,1066.85879264
18787,1066.85879264
18788,1066.85879264
18789,1066.85879264
18790,1066.85879264
18791,1066.85879264
18792,1066.85879264
18793,1066.85879264
18794,1066.85879264
18795,1066.85879264
18796,1066.85879264
18797,1066.85879264
18798,1066.85879264
18799,1066.85879264
18800,1066.85879264
18801,1066.85879264
18802,1066.85879264
18803,1066.85879264
18804,1066.85879264
18805,1066.85879264
18806,1066.85879264
18807,1066.85879264
18808,1066.85879264
18809,1066.85879264
18810,1066.85879264
18811,1066.85879264
18812,1066.85879264
18813,1066.85879264
18814,1066.85879264
18815,1066.85879264
18816,1066.85879264
18817,1066.85879264
18818,1066.85879264
18819,1066.85879264
18820,1066.85879264
18821,1066.85879264
18822,1066.85879264
18823,1066.85879264
18824,1066.85879264
18825,1066.85879264
18826,1066.85879264
18827,1066.85879264
18828,1066.85879264
18829,1066.85879264
18830,1066.85879264
18831,1066.85879264
18832,1066.85879264
18833,1066.85879264
18834,1066.85879264
18835,1066.85879264
18836,1066.85879264
18837,1066.85879264
18838,1066.85879264
18839,1066.85879264
18840,1066.85879264
18841,1066.85879264
18842,1066.85879264
18843,1066.85879264
18844,1066.85879264
18845,1066.85879264
18846,1066.85879264
18847,1066.85879264
18848,1066.85879264
18849,1066.85879264
18850,1066.85879264
18851,1066.85879264
18852,1066.85879264
18853,1066.85879264
18854,1066.85879264
18855,1066.85879264
18856,1066.85879264
18857,1066.85879264
18858,1066.85879264
18859,1066.85879264
18860,1066.85879264
18861,1066.85879264
18862,1066.85879264
18863,1066.85879264
18864,1066.85879264
18865,1066.85879264
18866,1066.85879264
18867,1066.85879264
18868,1066.85879264
18869,1066.85879264
18870,1066.85879264
18871,1066.85879264
18872,1066.85879264
18873,1066.85879264
18874,1066.85879264
18875,1066.85879264
18876,1066.85879264
18877,1066.85879264
18878,1066.85879264
18879,1066.85879264
18880,1066.85879264
18881,1066.85879264
18882,1066.85879264
18883,1066.85879264
18884,1066.85879264
18885,1066.85879264
18886,1066.85879264
18887,1066.85879264
18888,1066.85879264
18889,1066.85879264
18890,1066.85879264
18891,1066.85879264
18892,1066.85879264
18893,1066.85879264
18894,1066.85879264
18895,1066.85879264
18896,1066.85879264
18897,1066.85879264
18898,1066.85879264
18899,1066.85879264
18900,1066.85879264
18901,1066.85879264
18902,1066.85879264
18903,1066.85879264
18904,1066.85879264
18905,1066.85879264
18906,1066.85879264
18907,1066.85879264
18908,1066.85879264
18909,1066.85879264
18910,1066.85879264
18911,1066.85879264
18912,1066.85879264
18913,1066.85879264
18914,1066.85879264
18915,1066.85879264
18916,1066.85879264
18917,1066.85879264
18918,1066.85879264
18919,1066.85879264
18920,1066.85879264
18921,1066.85879264
18922,1066.85879264
18923,1066.85879264
18924,1066.85879264
18925,1066.85879264
18926,1066.85879264
18927,1066.85879264
18928,1066.85879264
18929,1066.85879264
18930,1066.85879264
18931,1066.85879264
18932,1066.85879264
18933,1066.85879264
18934,1066.85879264
18935,1066.85879264
18936,1066.85879264
18937,1066.85879264
18938,1066.85879264
18939,1066.85879264
18940,1066.85879264
18941,1066.85879264
18942,1066.8414
18943,1066.8414
18944,1066.8414
18945,1066.8414
18946,1066.8414
18947,1066.8414
18948,1066.8414
18949,1066.8414
18950,1066.8414
18951,1066.8414
18952,1066.8414
18953,1066.8414
18954,1066.8414
18955,1066.8414
18956,1066.8414
18957,1066.8414
18958,1066.8414
18959,1066.8414
18960,1066.8414
18961,1066.8414
18962,1066.8414
18963,1066.8414
18964,1066.8414
18965,1066.8414
18966,1066.8414
18967,1066.8414
18968,1066.8414
18969,1066.8414
18970,1066.8414
18971,1066.8414
18972,1066.8414
18973,1066.8414
18974,1066.8414
18975,1066.8414
18976,1066.8414
18977,1066.8414
18978,1066.8414
18979,1066.8414
18980,1066.8414
18981,1066.8414
18982,1066.8414
18983,1066.8414
18984,1066.8414
18985,1066.8414
18986,1066.8414
18987,1066.8414
18988,1066.8414
18989,1066.8414
18990,1066.8414
18991,1066.8414
18992,1066.8414
18993,1066.8414
18994,1066.8414
18995,1066.8414
18996,1066.8414
18997,1066.8414
18998,1066.8414
18999,1066.8414
19000,1066.8414
19001,1066.8414
19002,1066.8414
19003,1066.8414
19004,1066.8414
19005,1066.8414
19006,1066.8414
19007,1066.8414
19008,1066.8414
19009,1066.8414
19010,1066.8414
19011,1066.8414
19012,1066.8414
19013,1066.8414
19014,1066.8414
19015,1066.8414
19016,1066.8414
19017,1066.8414
19018,1066.8414
19019,1066.8414
19020,1066.8414
19021,1066.8414
19022,1066.8414
19023,1066.8414
19024,1066.8414
19025,1066.8414
19026,1066.8414
19027,1066.8414
19028,1066.78073169
19029,1066.78073169
19030,1066.78073169
19031,1066.78073169
19032,1066.78073169
19033,1066.78073169
19034,1066.78073169
19035,1066.78073169
19036,1066.78073169
19037,1066.78073169
19038,1066.78073169
19039,1066.78073169
19040,1066.78073169
19041,1066.78073169
19042,1066.78073169
19043,1066.78073169
19044,1066.78073169
19045,1066.78073169
19046,1066.78073169
19047,1066.78073169
19048,1066.78073169
19049,1066.78073169
19050,1066.78073169
19051,1066.78073169
19052,1066.78073169
19053,1066.78073169
19054,1066.78073169
19055,1066.78073169
19056,1066.78073169
19057,1066.78073169
19058,1066.78073169
19059,1066.78073169
19060,1066.78073169
19061,1066.78073169
19062,1066.78073169
19063,1066.78073169
19064,1066.78073169
19065,1066.78073169
19066,1066.78073169
19067,1066.78073169
19068,1066.78073169
19069,1066.78073169
19070,1066.78073169
19071,1066.78073169
19072,1066.78073169
19073,1066.78073169
19074,1066.78073169
19075,1066.78073169
19076,1066.78073169
19077,1066.78073169
19078,1066.78073169
19079,1066.78073169
19080,1066.78073169
19081,1066.78073169
19082,1066.78073169
19083,1066.78073169
19084,1066.78073169
19085,1066.78073169
19086,1066.78073169
19087,1066.78073169
19088,1066.78073169
19089,1066.78073169
19090,1066.78073169
19091,1066.78073169
19092,1066.78073169
19093,1066.78073169
19094,1066.78073169
19095,1066.78073169
19096,1066.78073169
19097,1066.78073169
19098,1066.78073169
19099,1066.78073169
19100,1066.78073169
19101,1066.78073169
19102,1066.78073169
19103,1066.78073169
19104,1066.78073169
19105,1066.78073169
19106,1066.78073169
19107,1066.78073169
19108,1066.78073169
19109,1066.78073169
19110,1066.62458741
19111,1066.62458741
19112,1066.62458741
19113,1066.62458741
19114,1066.62458741
19115,1066.62458741
19116,1066.62458741
19117,1066.62458741
19118,1066.62458741
19119,1066.62458741
19120,1066.62458741
19121,1066.62458741
19122,1066.62458741
19123,1066.62458741
19124,1066.62458741
19125,1066.62399687
19126,1066.62399687
19127,1066.62399687
19128,1066.62399687
19129,1066.62399687
19130,1066.62399687
19131,1066.62399687
19132,1066.62399687
19133,1066.62399687
19134,1066.62399687
19135,1066.62399687
19136,1066.62399687
19137,1066.62399687
19138,1066.62399687
19139,1066.62399687
19140,1066.62399687
19141,1066.62399687
19142,1066.62399687
19143,1066.62399687
19144,1066.62399687
19145,1066.62399687
19146,1066.62399687
19147,1066.62399687
19148,1066.62399687
19149,1066.62399687
19150,1066.62399687
19151,1066.62399687
19152,1066.62399687
19153,1066.62399687
19154,1066.62399687
19155,1066.62399687
19156,1066.62399687
19157,1066.62399687
19158,1066.62399687
19159,1066.62399687
19160,1066.62399687
19161,1066.62399687
19162,1066.62399687
19163,1066.62399687
19164,1066.62399687
19165,1066.62399687
19166,1066.62399687
19167,1066.62399687
19168,1066.62399687
19169,1066.62399687
19170,1066.62399687
19171,1066.62399687
19172,1066.62399687
19173,1066.62399687
19174,1066.62399687
19175,1066.62399687
19176,1066.62399687
19177,1066.62399687
19178,1066.62399687
19179,1066.62399687
19180,1066.62399687
19181,1066.62399687
19182,1066.62399687
19183,1066.62399687
19184,1066.62399687
19185,1066.62399687
19186,1066.62399687
19187,1066.62399687
19188,1066.62399687
19189,1066.62399687
19190,1066.62399687
19191,1066.62399687
19192,1066.62399687
19193,1066.62399687
19194,1066.62399687
19195,1066.62399687
19196,1066.62399687
19197,1066.62399687
19198,1066.62399687
19199,1066.62399687
19200,1066.62399687
19201,1066.62399687
19202,1066.62399687
19203,1066.62399687
19204,1066.62399687
19205,1066.62399687
19206,1066.62399687
19207,1066.62399687
19208,1066.62399687
19209,1066.62399687
19210,1066.62399687
19211,1066.62399687
19212,1066.62399687
19213,1066.62399687
19214,1066.62399687
19215,1066.62399687
19216,1066.62399687
19217,1066.62399687
19218,1066.62399687
19219,1066.62399687
19220,1066.62399687
19221,1066.62399687
19222,1066.62399687
19223,1066.62399687
19224,1066.62399687
19225,1066.62399687
19226,1066.62399687
19227,1066.62399687
19228,1066.62399687
19229,1066.62399687
19230,1066.62399687
19231,1066.62399687
19232,1066.62399687
19233,1066.62399687
19234,1066.62399687
19235,1066.62399687
19236,1066.62399687
19237,1066.62399687
19238,1066.62399687
19239,1066.62399687
19240,1066.62399687
19241,1066.62399687
19242,1066.62399687
19243,1066.62399687
19244,1066.62399687
19245,1066.62399687
19246,1066.62399687
19247,1066.62399687
19248,1066.62399687
19249,1066.62399687
19250,1066.62399687
19251,1066.62399687
19252,1066.62399687
19253,1066.62399687
19254,1066.62399687
19255,1066.62399687
19256,1066.62399687
19257,1066.62399687
19258,1066.62399687
19259,1066.62399687
19260,1066.62399687
19261,1066.62399687
19262,1066.62399687
19263,1066.62399687
19264,1066.62399687
19265,1066.62399687
19266,1066.62399687
19267,1066.62399687
19268,1066.62399687
19269,1066.62399687
19270,1066.62399687
19271,1066.62399687
19272,1066.62399687
19273,1066.62399687
19274,1066.62399687
19275,1066.62399687
19276,1066.62399687
19277,1066.62399687
19278,1066.62399687
19279,1066.62399687
19280,1066.62399687
19281,1066.62399687
19282,1066.62399687
19283,1066.62399687
19284,1066.62399687
19285,1066.62399687
19286,1066.62399687
19287,1066.62399687
19288,1066.62399687
19289,1066.62399687
19290,1066.62399687
19291,1066.62399687
19292,1066.62399687
19293,1066.62399687
19294,1066.62399687
19295,1066.62399687
19296,1066.62399687
19297,1066.62399687
19298,1066.62399687
19299,1066.62399687
19300,1066.62399687
19301,1066.62399687
19302,1066.62399687
19303,1066.62399687
19304,1066.62399687
19305,1066.62399687
19306,1066.62399687
19307,1066.62399687
19308,1066.62399687
19309,1066.62399687
19310,1066.62399687
19311,1066.62399687
19312,1066.62399687
19313,1066.62399687
19314,1066.62399687
19315,1066.62399687
19316,1066.62399687
19317,1066.62399687
19318,1066.62399687
19319,1066.62399687
19320,1066.61889721
19321,1066.61889721
19322,1066.61889721
19323,1066.61889721
19324,1066.61889721
19325,1066.61889721
19326,1066.61889721
19327,1066.61889721
19328,1066.61889721
19329,1066.61889721
19330,1066.61889721
19331,1066.61889721
19332,1066.61889721
19333,1066.61889721
19334,1066.61889721
19335,1066.61889721
19336,1066.61889721
19337,1066.61889721
19338,1066.61889721
19339,1066.61889721
19340,1066.61889721
19341,1066.61889721
19342,1066.61889721
19343,1066.61889721
19344,1066.61889721
19345,1066.61889721
19346,1066.61889721
19347,1066.61889721
19348,1066.61889721
19349,1066.61889721
19350,1066.61889721
19351,1066.61889721
19352,1066.61889721
19353,1066.61889721
19354,1066.61889721
19355,1066.61889721
19356,1066.61889721
19357,1066.61889721
19358,1066.61889721
19359,1066.61889721
19360,1066.61889721
19361,1066.61889721
19362,1066.61889721
19363,1066.61889721
19364,1066.61889721
19365,1066.61889721
19366,1066.61889721
19367,1066.61889721
19368,1066.61889721
19369,1066.61889721
19370,1066.61889721
19371,1066.61889721
19372,1066.61889721
19373,1066.61889721
19374,1066.61889721
19375,1066.61889721
19376,1066.61889721
19377,1066.61889721
19378,1066.61889721
19379,1066.61889721
19380,1066.61726304
19381,1066.61726304
19382,1066.61726304
19383,1066.61726304
19384,1066.61726304
19385,1066.61726304
19386,1066.61726304
19387,1066.61726304
19388,1066.61726304
19389,1066.61726304
19390,1066.61726304
19391,1066.61726304
19392,1066.61726304
19393,1066.61726304
19394,1066.61726304
19395,1066.61726304
19396,1066.61726304
19397,1066.61726304
19398,1066.61726304
19399,1066.61726304
19400,1066.61726304
19401,1066.61726304
19402,1066.61726304
19403,1066.61726304
19404,1066.61726304
19405,1066.61726304
19406,1066.61726304
19407,1066.61726304
19408,1066.61726304
19409,1066.61726304
19410,1066.61726304
19411,1066.61726304
19412,1066.61726304
19413,1066.61726304
19414,1066.61726304
19415,1066.61726304
19416,1066.61726304
19417,1066.61726304
19418,1066.61726304
19419,1066.61726304
19420,1066.61726304
19421,1066.61726304
19422,1066.61726304
19423,1066.61726304
19424,1066.61726304
19425,1066.61726304
19426,1066.61726304
19427,1066.61726304
19428,1066.61726304
19429,1066.61726304
19430,1066.61726304
19431,1066.61726304
19432,1066.61726304
19433,1066.61726304
19434,1066.61726304
19435,1066.61726304
19436,1066.61726304
19437,1066.61726304
19438,1066.61726304
19439,1066.61726304
19440,1066.61726304
19441,1066.61726304
19442,1066.61726304
19443,1066.61726304
19444,1066.61726304
19445,1066.61726304
19446,1066.61726304
19447,1066.61726304
19448,1066.61726304
19449,1066.61726304
19450,1066.61726304
19451,1066.61726304
19452,1066.61726304
19453,1066.61726304
19454,1066.61726304
19455,1066.61726304
19456,1066.61726304
19457,1066.61726304
19458,1066.61726304
19459,1066.61726304
19460,1066.61726304
19461,1066.61726304
19462,1066.61726304
19463,1066.61726304
19464,1066.61726304
19465,1066.61726304
19466,1066.61726304
19467,1066.61726304
19468,1066.61726304
19469,1066.61726304
19470,1066.61726304
19471,1066.61726304
19472,1066.61726304
19473,1066.61726304
19474,1066.61726304
19475,1066.61726304
19476,1066.61726304
19477,1066.61726304
19478,1066.61726304
19479,1066.61726304
19480,1066.61726304
19481,1066.61726304
19482,1066.61726304
19483,1066.61726304
19484,1066.61726304
19485,1066.61726304
19486,1066.61726304
19487,1066.61726304
19488,1066.61726304
19489,1066.61726304
19490,1066.61726304
19491,1066.61667965
19492,1066.61667965
19493,1066.61667965
19494,1066.61667965
19495,1066.61667965
19496,1066.61667965
19497,1066.61667965
19498,1066.61667965
19499,1066.61667965
19500,1066.61667965
19501,1066.61667965
19502,1066.6147098
19503,1066.6147098
19504,1066.6147098
19505,1066.6147098
19506,1066.6147098
19507,1066.6147098
19508,1066.6147098
19509,1066.6147098
19510,1066.6147098
19511,1066.6147098
19512,1066.6147098
19513,1066.6147098
19514,1066.6147098
19515,1066.6147098
19516,1066.6147098
19517,1066.6147098
19518,1066.6147098
19519,1066.6147098
19520,1066.6147098
19521,1066.6147098
19522,1066.6147098
19523,1066.6147098
19524,1066.6147098
19525,1066.6147098
19526,1066.6147098
19527,1066.6147098
19528,1066.6147098
19529,1066.6147098
19530,1066.6147098
19531,1066.6147098
19532,1066.6147098
19533,1066.6147098
19534,1066.6147098
19535,1066.6147098
19536,1066.6147098
19537,1066.6147098
19538,1066.6147098
19539,1066.6147098
19540,1066.6147098
19541,1066.6147098
19542,1066.6147098
19543,1066.6147098
19544,1066.6147098
19545,1066.6147098
19546,1066.6147098
19547,1066.6147098
19548,1066.6147098
19549,1066.6147098
19550,1066.6147098
19551,1066.6147098
19552,1066.6147098
19553,1066.6147098
19554,1066.6147098
19555,1066.6147098
19556,1066.6147098
19557,1066.6147098
19558,1066.6147098
19559,1066.6147098
19560,1066.6147098
19561,1066.6147098
19562,1066.6147098
19563,1066.6147098
19564,1066.6147098
19565,1066.6147098
19566,1066.6147098
19567,1066.6147098
19568,1066.6147098
19569,1066.6147098
19570,1066.6147098
19571,1066.6147098
19572,1066.6147098
19573,1066.6147098
19574,1066.6147098
19575,1066.6147098
19576,1066.6147098
19577,1066.6147098
19578,1066.6147098
19579,1066.6147098
19580,1066.6147098
19581,1066.6147098
19582,1066.6147098
19583,1066.6147098
19584,1066.6147098
19585,1066.6147098
19586,1066.6147098
19587,1066.6147098
19588,1066.6147098
19589,1066.6147098
19590,1066.6147098
19591,1066.6147098
19592,1066.6147098
19593,1066.6147098
19594,1066.6147098
19595,1066.6147098
19596,1066.6147098
19597,1066.6147098
19598,1066.6147098
19599,1066.6147098
19600,1066.6147098
19601,1066.6147098
19602,1066.6147098
19603,1066.6147098
19604,1066.6147098
19605,1066.6147098
19606,1066.6147098
19607,1066.6147098
19608,1066.6147098
19609,1066.6147098
19610,1066.61098571
19611,1066.61098571
19612,1066.61098571
19613,1066.61098571
19614,1066.61098571
19615,1066.61098571
19616,1066.61098571
19617,1066.61098571
19618,1066.61098571
19619,1066.61098571
19620,1066.61098571
19621,1066.57231513
19622,1066.57231513
19623,1066.57231513
19624,1066.57231513
19625,1066.57231513
19626,1066.57231513
19627,1066.57231513
19628,1066.57231513
19629,1066.57231513
19630,1066.57231513
19631,1066.57231513
19632,1066.57231513
19633,1066.57231513
19634,1066.57231513
19635,1066.57231513
19636,1066.57231513
19637,1066.57231513
19638,1066.57231513
19639,1066.57231513
19640,1066.57231513
19641,1066.57231513
19642,1066.57231513
19643,1066.57231513
19644,1066.57231513
19645,1066.57231513
19646,1066.57231513
19647,1066.57231513
19648,1066.57231513
19649,1066.57231513
19650,1066.57231513
19651,1066.57231513
19652,1066.57231513
19653,1066.57231513
19654,1066.57231513
19655,1066.57231513
19656,1066.57231513
19657,1066.57231513
19658,1066.57231513
19659,1066.57231513
19660,1066.57231513
19661,1066.57231513
19662,1066.57231513
19663,1066.57231513
19664,1066.57231513
19665,1066.57231513
19666,1066.57231513
19667,1066.57231513
19668,1066.57231513
19669,1066.57231513
19670,1066.57231513
19671,1066.57231513
19672,1066.57231513
19673,1066.57231513
19674,1066.57231513
19675,1066.57231513
19676,1066.57231513
19677,1066.57231513
19678,1066.57231513
19679,1066.57231513
19680,1066.57231513
19681,1066.57231513
19682,1066.57231513
19683,1066.57231513
19684,1066.57231513
19685,1066.57231513
19686,1066.57231513
19687,1066.57231513
19688,1066.57231513
19689,1066.57231513
19690,1066.57231513
19691,1066.57231513
19692,1066.57231513
19693,1066.57231513
19694,1066.57231513
19695,1066.57231513
19696,1066.57231513
19697,1066.57231513
19698,1066.57231513
19699,1066.57231513
19700,1066.57231513
19701,1066.57231513
19702,1066.57231513
19703,1066.57231513
19704,1066.57231513
19705,1066.57231513
19706,1066.57231513
19707,1066.57231513
19708,1066.57231513
19709,1066.57231513
19710,1066.57231513
19711,1066.57231513
19712,1066.57231513
19713,1066.57231513
19714,1066.57231513
19715,1066.57231513
19716,1066.57231513
19717,1066.57231513
19718,1066.57231513
19719,1066.57231513
19720,1066.57231513
19721,1066.57231513
19722,1066.57231513
19723,1066.57231513
19724,1066.57231513
19725,1066.57231513
19726,1066.57231513
19727,1066.57231513
19728,1066.57231513
19729,1066.57231513
19730,1066.57231513
19731,1066.57231513
19732,1066.57231513
19733,1066.57231513
19734,1066.57231513
19735,1066.57231513
19736,1066.57231513
19737,1066.57231513
19738,1066.57231513
19739,1066.57231513
19740,1066.57231513
19741,1066.57231513
19742,1066.57231513
19743,1066.57231513
19744,1066.57231513
19745,1066.57231513
19746,1066.57231513
19747,1066.57231513
19748,1066.57231513
19749,1066.57231513
19750,1066.57231513
19751,1066.57231513
19752,1066.57231513
19753,1066.57231513
19754,1066.57231513
19755,1066.57231513
19756,1066.57231513
19757,1066.57231513
19758,1066.57231513
19759,1066.57231513
19760,1066.57231513
19761,1066.57231513
19762,1066.57231513
19763,1066.57231513
19764,1066.57231513
19765,1066.57231513
19766,1066.57231513
19767,1066.57231513
19768,1066.57231513
19769,1066.57231513
19770,1066.57231513
19771,1066.57231513
19772,1066.57231513
19773,1066.57231513
19774,1066.57231513
19775,1066.57231513
19776,1066.57231513
19777,1066.57231513
19778,1066.57231513
19779,1066.57231513
19780,1066.57231513
19781,1066.57231513
19782,1066.57231513
19783,1066.57231513
19784,1066.57231513
19785,1066.57231513
19786,1066.57231513
19787,1066.57231513
19788,1066.57231513
19789,1066.57231513
19790,1066.57231513
19791,1066.57231513
19792,1066.57231513
19793,1066.57231513
19794,1066.57231513
19795,1066.57231513
19796,1066.57231513
19797,1066.57231513
19798,1066.57231513
19799,1066.57231513
19800,1066.57231513
19801,1066.57231513
19802,1066.57231513
19803,1066.57231513
19804,1066.57231513
19805,1066.57231513
19806,1066.57231513
19807,1066.57231513
19808,1066.57231513
19809,1066.57231513
19810,1066.57231513
19811,1066.57231513
19812,1066.57231513
19813,1066.57231513
19814,1066.57231513
19815,1066.57231513
19816,1066.57231513
19817,1066.57231513
19818,1066.57231513
19819,1066.57231513
19820,1066.57231513
19821,1066.57231513
19822,1066.57231513
19823,1066.57231513
19824,1066.57231513
19825,1066.57231513
19826,1066.57231513
19827,1066.57231513
19828,1066.57231513
19829,1066.57231513
19830,1066.57231513
19831,1066.57231513
19832,1066.57231513
19833,1066.57231513
19834,1066.57231513
19835,1066.57231513
19836,1066.57231513
19837,1066.57231513
19838,1066.57231513
19839,1066.57231513
19840,1066.57231513
19841,1066.57231513
19842,1066.57231513
19843,1066.57231513
19844,1066.57231513
19845,1066.57231513
19846,1066.57231513
19847,1066.57231513
19848,1066.57231513
19849,1066.57231513
19850,1066.57231513
19851,1066.57231513
19852,1066.57231513
19853,1066.57231513
19854,1066.57231513
19855,1066.57231513
19856,1066.57231513
19857,1066.57231513
19858,1066.57231513
19859,1066.57231513
19860,1066.57231513
19861,1066.57231513
19862,1066.57231513
19863,1066.57231513
19864,1066.57231513
19865,1066.57231513
19866,1066.57231513
19867,1066.57231513
19868,1066.57231513
19869,1066.57231513
19870,1066.57231513
19871,1066.57231513
19872,1066.57231513
19873,1066.57231513
19874,1066.57231513
19875,1066.57231513
19876,1066.57231513
19877,1066.57231513
19878,1066.57231513
19879,1066.57231513
19880,1066.57231513
19881,1066.57231513
19882,1066.57231513
19883,1066.57231513
19884,1066.57231513
19885,1066.57231513
19886,1066.57231513
19887,1066.57231513
19888,1066.57231513
19889,1066.57231513
19890,1066.57231513
19891,1066.57231513
19892,1066.57231513
19893,1066.57231513
19894,1066.57231513
19895,1066.57231513
19896,1066.57231513
19897,1066.57231513
19898,1066.57231513
19899,1066.57231513
19900,1066.57231513
19901,1066.57231513
19902,1066.57231513
19903,1066.57231513
19904,1066.57231513
19905,1066.57231513
19906,1066.57231513
19907,1066.57231513
19908,1066.57231513
19909,1066.57231513
19910,1066.57231513
19911,1066.57231513
19912,1066.57231513
19913,1066.57231513
19914,1066.57231513
19915,1066.57231513
19916,1066.57231513
19917,1066.57231513
19918,1066.57231513
19919,1066.57231513
19920,1066.57231513
19921,1066.57231513
19922,1066.57231513
19923,1066.57231513
19924,1066.57231513
19925,1066.57231513
19926,1066.57231513
19927,1066.57231513
19928,1066.57231513
19929,1066.57231513
19930,1066.57231513
19931,1066.57231513
19932,1066.57231513
19933,1066.57231513
19934,1066.57231513
19935,1066.57231513
19936,1066.57231513
19937,1066.57231513
19938,1066.57231513
19939,1066.57231513
19940,1066.57231513
19941,1066.57231513
19942,1066.57231513
19943,1066.57231513
19944,1066.57231513
19945,1066.57231513
19946,1066.57231513
19947,1066.57231513
19948,1066.57231513
19949,1066.57231513
19950,1066.57231513
19951,1066.57231513
19952,1066.57231513
19953,1066.57231513
19954,1066.57231513
19955,1066.57231513
19956,1066.57231513
19957,1066.57231513
19958,1066.57231513
19959,1066.57231513
19960,1066.57231513
19961,1066.57231513
19962,1066.57231513
19963,1066.57231513
19964,1066.57231513
19965,1066.57231513
19966,1066.57231513
19967,1066.57231513
19968,1066.57231513
19969,1066.57231513
19970,1066.57231513
19971,1066.57231513
19972,1066.57231513
19973,1066.57231513
19974,1066.57231513
19975,1066.57231513
19976,1066.57231513
19977,1066.57231513
19978,1066.57231513
19979,1066.57231513
19980,1066.57231513
19981,1066.57231513
19982,1066.57231513
19983,1066.57231513
19984,1066.57231513
19985,1066.57231513
19986,1066.57231513
19987,1066.57231513
19988,1066.57231513
19989,1066.57231513
19990,1066.57231513
19991,1066.57231513
19992,1066.57231513
19993,1066.57231513
19994,1066.57231513
19995,1066.57231513
19996,1066.57231513
19997,1066.57231513
19998,1066.57231513
19999,1066.57231513
20000,1066.57231513
20001,1066.57231513
20002,1066.57231513
20003,1066.57231513
20004,1066.57231513
20005,1066.57231513
20006,1066.57231513
20007,1066.57231513
20008,1066.57231513
20009,1066.57231513
20010,1066.57231513
20011,1066.57231513
20012,1066.57231513
20013,1066.57231513
20014,1066.57231513
20015,1066.57231513
20016,1066.57231513
20017,1066.57231513
20018,1066.57231513
20019,1066.57231513
20020,1066.57231513
20021,1066.57231513
20022,1066.57231513
20023,1066.57231513
20024,1066.57231513
20025,1066.57231513
20026,1066.57231513
20027,1066.57231513
20028,1066.57231513
20029,1066.57231513
20030,1066.57231513
20031,1066.57231513
20032,1066.57231513
20033,1066.57231513
20034,1066.57231513
20035,1066.57231513
20036,1066.57231513
20037,1066.57231513
20038,1066.57231513
20039,1066.57231513
20040,1066.57231513
20041,1066.57231513
20042,1066.57231513
20043,1066.57231513
20044,1066.57231513
20045,1066.57231513
20046,1066.57231513
20047,1066.57231513
20048,1066.57231513
20049,1066.57231513
20050,1066.57231513
20051,1066.57231513
20052,1066.57190918
20053,1066.57190918
20054,1066.57190918
20055,1066.57190918
20056,1066.57190918
20057,1066.57190918
20058,1066.57190918
20059,1066.57190918
20060,1066.57190918
20061,1066.57190918
20062,1066.57190918
20063,1066.57190918
20064,1066.57190918
20065,1066.57190918
20066,1066.57190918
20067,1066.57190918
20068,1066.57190918
20069,1066.57190918
20070,1066.57190918
20071,1066.57190918
20072,1066.57190918
20073,1066.57190918
20074,1066.57190918
20075,1066.57190918
20076,1066.57190918
20077,1066.57190918
20078,1066.57190918
20079,1066.57190918
20080,1066.57190918
20081,1066.57190918
20082,1066.57190918
20083,1066.57190918
20084,1066.57190918
20085,1066.57190918
20086,1066.57190918
20087,1066.57190918
20088,1066.57190918
20089,1066.57190918
20090,1066.57190918
20091,1066.57190918
20092,1066.57190918
20093,1066.57190918
20094,1066.57190918
20095,1066.57190918
20096,1066.57190918
20097,1066.57190918
20098,1066.57190918
20099,1066.57190918
20100,1066.57190918
20101,1066.57190918
20102,1066.57190918
20103,1066.57190918
20104,1066.57190918
20105,1066.57190918
20106,1066.57190918
20107,1066.57190918
20108,1066.57190918
20109,1066.57190918
20110,1066.57190918
20111,1066.57190918
20112,1066.57190918
20113,1066.57190918
20114,1066.57190918
20115,1066.57190918
20116,1066.57190918
20117,1066.57190918
20118,1066.57190918
20119,1066.57190918
20120,1066.57190918
20121,1066.57002815
20122,1066.57002815
20123,1066.57002815
20124,1066.57002815
20125,1066.57002815
20126,1066.57002815
20127,1066.57002815
20128,1066.57002815
20129,1066.57002815
20130,1066.57002815
20131,1066.57002815
20132,1066.57002815
20133,1066.57002815
20134,1066.57002815
20135,1066.57002815
20136,1066.57002815
20137,1066.57002815
20138,1066.57002815
20139,1066.57002815
20140,1066.57002815
20141,1066.57002815
20142,1066.57002815
20143,1066.57002815
20144,1066.57002815
20145,1066.57002815
20146,1066.57002815
20147,1066.57002815
20148,1066.57002815
20149,1066.57002815
20150,1066.57002815
20151,1066.57002815
20152,1066.57002815
20153,1066.57002815
20154,1066.57002815
20155,1066.57002815
20156,1066.57002815
20157,1066.57002815
20158,1066.57002815
20159,1066.57002815
20160,1066.57002815
20161,1066.57002815
20162,1066.57002815
20163,1066.57002815
20164,1066.57002815
20165,1066.57002815
20166,1066.57002815
20167,1066.57002815
20168,1066.57002815
20169,1066.57002815
20170,1066.57002815
20171,1066.57002815
20172,1066.57002815
20173,1066.57002815
20174,1066.57002815
20175,1066.57002815
20176,1066.57002815
20177,1066.57002815
20178,1066.57002815
20179,1066.57002815
20180,1066.57002815
20181,1066.57002815
20182,1066.57002815
20183,1066.57002815
20184,1066.57002815
20185,1066.57002815
20186,1066.57002815
20187,1066.57002815
20188,1066.57002815
20189,1066.57002815
20190,1066.57002815
20191,1066.57002815
20192,1066.57002815
20193,1066.57002815
20194,1066.57002815
20195,1066.57002815
20196,1066.57002815
20197,1066.57002815
20198,1066.57002815
20199,1066.57002815
20200,1066.57002815
20201,1066.57002815
20202,1066.57002815
20203,1066.57002815
20204,1066.57002815
20205,1066.57002815
20206,1066.57002815
20207,1066.57002815
20208,1066.57002815
20209,1066.57002815
20210,1066.57002815
20211,1066.57002815
20212,1066.57002815
20213,1066.57002815
20214,1066.57002815
20215,1066.57002815
20216,1066.57002815
20217,1066.57002815
20218,1066.57002815
20219,1066.57002815
20220,1066.57002815
20221,1066.57002815
20222,1066.57002815
20223,1066.57002815
20224,1066.57002815
20225,1066.57002815
20226,1066.57002815
20227,1066.57002815
20228,1066.57002815
20229,1066.57002815
20230,1066.57002815
20231,1066.57002815
20232,1066.57002815
20233,1066.57002815
20234,1066.57002815
20235,1066.57002815
20236,1066.57002815
20237,1066.57002815
20238,1066.57002815
20239,1066.57002815
20240,1066.57002815
20241,1066.57002815
20242,1066.57002815
20243,1066.57002815
20244,1066.57002815
20245,1066.57002815
20246,1066.57002815
20247,1066.57002815
20248,1066.57002815
20249,1066.57002815
20250,1066.57002815
20251,1066.57002815
20252,1066.57002815
20253,1066.57002815
20254,1066.57002815
20255,1066.57002815
20256,1066.57002815
20257,1066.57002815
20258,1066.57002815
20259,1066.57002815
20260,1066.57002815
20261,1066.57002815
20262,1066.57002815
20263,1066.57002815
20264,1066.57002815
20265,1066.57002815
20266,1066.57002815
20267,1066.57002815
20268,1066.57002815
20269,1066.57002815
20270,1066.57002815
20271,1066.57002815
20272,1066.57002815
20273,1066.57002815
20274,1066.57002815
20275,1066.57002815
20276,1066.57002815
20277,1066.57002815
20278,1066.57002815
20279,1066.57002815
20280,1066.57002815
20281,1066.57002815
20282,1066.57002815
20283,1066.57002815
20284,1066.57002815
20285,1066.57002815
20286,1066.57002815
20287,1066.57002815
20288,1066.57002815
20289,1066.57002815
20290,1066.57002815
20291,1066.57002815
20292,1066.57002815
20293,1066.57002815
20294,1066.57002815
20295,1066.57002815
20296,1066.57002815
20297,1066.57002815
20298,1066.57002815
20299,1066.57002815
20300,1066.57002815
20301,1066.57002815
20302,1066.57002815
20303,1066.57002815
20304,1066.57002815
20305,1066.57002815
20306,1066.57002815
20307,1066.57002815
20308,1066.57002815
20309,1066.57002815
20310,1066.57002815
20311,1066.57002815
20312,1066.57002815
20313,1066.57002815
20314,1066.57002815
20315,1066.57002815
20316,1066.57002815
20317,1066.57002815
20318,1066.57002815
20319,1066.57002815
20320,1066.57002815
20321,1066.57002815
20322,1066.57002815
20323,1066.57002815
20324,1066.57002815
20325,1066.57002815
20326,1066.57002815
20327,1066.57002815
20328,1066.57002815
20329,1066.57002815
20330,1066.57002815
20331,1066.57002815
20332,1066.57002815
20333,1066.57002815
20334,1066.57002815
20335,1066.57002815
20336,1066.57002815
20337,1066.57002815
20338,1066.57002815
20339,1066.57002815
20340,1066.57002815
20341,1066.57002815
20342,1066.57002815
20343,1066.57002815
20344,1066.57002815
20345,1066.57002815
20346,1066.57002815
20347,1066.57002815
20348,1066.57002815
20349,1066.57002815
20350,1066.57002815
20351,1066.57002815
20352,1066.57002815
20353,1066.57002815
20354,1066.57002815
20355,1066.57002815
20356,1066.57002815
20357,1066.57002815
20358,1066.57002815
20359,1066.57002815
20360,1066.57002815
20361,1066.57002815
20362,1066.57002815
20363,1066.57002815
20364,1066.57002815
20365,1066.57002815
20366,1066.57002815
20367,1066.57002815
20368,1066.57002815
20369,1066.57002815
20370,1066.57002815
20371,1066.57002815
20372,1066.57002815
20373,1066.57002815
20374,1066.57002815
20375,1066.57002815
20376,1066.57002815
20377,1066.57002815
20378,1066.57002815
20379,1066.57002815
20380,1066.57002815
20381,1066.57002815
20382,1066.57002815
20383,1066.57002815
20384,1066.57002815
20385,1066.57002815
20386,1066.57002815
20387,1066.57002815
20388,1066.57002815
20389,1066.57002815
20390,1066.57002815
20391,1066.57002815
20392,1066.57002815
20393,1066.57002815
20394,1066.57002815
20395,1066.57002815
20396,1066.57002815
20397,1066.57002815
20398,1066.57002815
20399,1066.57002815
20400,1066.57002815
20401,1066.57002815
20402,1066.57002815
20403,1066.57002815
20404,1066.57002815
20405,1066.57002815
20406,1066.57002815
20407,1066.57002815
20408,1066.57002815
20409,1066.57002815
20410,1066.57002815
20411,1066.57002815
20412,1066.57002815
20413,1066.57002815
20414,1066.57002815
20415,1066.57002815
20416,1066.57002815
20417,1066.57002815
20418,1066.57002815
20419,1066.57002815
20420,1066.57002815
20421,1066.57002815
20422,1066.57002815
20423,1066.57002815
20424,1066.57002815
20425,1066.57002815
20426,1066.57002815
20427,1066.57002815
20428,1066.57002815
20429,1066.57002815
20430,1066.57002815
20431,1066.57002815
20432,1066.57002815
20433,1066.57002815
20434,1066.57002815
20435,1066.57002815
20436,1066.57002815
20437,1066.57002815
20438,1066.57002815
20439,1066.57002815
20440,1066.57002815
20441,1066.57002815
20442,1066.57002815
20443,1066.57002815
20444,1066.57002815
20445,1066.57002815
20446,1066.57002815
20447,1066.57002815
20448,1066.57002815
20449,1066.57002815
20450,1066.57002815
20451,1066.57002815
20452,1066.57002815
20453,1066.57002815
20454,1066.57002815
20455,1066.57002815
20456,1066.57002815
20457,1066.57002815
20458,1066.57002815
20459,1066.56653603
20460,1066.56653603
20461,1066.56653603
20462,1066.56653603
20463,1066.56653603
20464,1066.56653603
20465,1066.56653603
20466,1066.56653603
20467,1066.56653603
20468,1066.56653603
20469,1066.56653603
20470,1066.56653603
20471,1066.56653603
20472,1066.56653603
20473,1066.56653603
20474,1066.56653603
20475,1066.56653603
20476,1066.56653603
20477,1066.56653603
20478,1066.56653603
20479,1066.56653603
20480,1066.56653603
20481,1066.55542044
20482,1066.55542044
20483,1066.55542044
20484,1066.55542044
20485,1066.55542044
20486,1066.55542044
20487,1066.55542044
20488,1066.55542044
20489,1066.55542044
20490,1066.55542044
20491,1066.55542044
20492,1066.55542044
20493,1066.55542044
20494,1066.55542044
20495,1066.55542044
20496,1066.55542044
20497,1066.55542044
20498,1066.55542044
20499,1066.55542044
20500,1066.55542044
20501,1066.55542044
20502,1066.55542044
20503,1066.55542044
20504,1066.55542044
20505,1066.55542044
20506,1066.55542044
20507,1066.55542044
20508,1066.55542044
20509,1066.55542044
20510,1066.55542044
20511,1066.55542044
20512,1066.55542044
20513,1066.55542044
20514,1066.55542044
20515,1066.55542044
20516,1066.55542044
20517,1066.55542044
20518,1066.55542044
20519,1066.55542044
20520,1066.55542044
20521,1066.55542044
20522,1066.55542044
20523,1066.55542044
20524,1066.55542044
20525,1066.55542044
20526,1066.55542044
20527,1066.55542044
20528,1066.55542044
20529,1066.55542044
20530,1066.55542044
20531,1066.55542044
20532,1066.55542044
20533,1066.55542044
20534,1066.55542044
20535,1066.55542044
20536,1066.55542044
20537,1066.55542044
20538,1066.55542044
20539,1066.55542044
20540,1066.55542044
20541,1066.55542044
20542,1066.55542044
20543,1066.55542044
20544,1066.55542044
20545,1066.55542044
20546,1066.55542044
20547,1066.55542044
20548,1066.55542044
20549,1066.55542044
20550,1066.55542044
20551,1066.53921359
20552,1066.53921359
20553,1066.53921359
20554,1066.53921359
20555,1066.53921359
20556,1066.53921359
20557,1066.53921359
20558,1066.53921359
20559,1066.53921359
20560,1066.53921359
20561,1066.53921359
20562,1066.53921359
20563,1066.53921359
20564,1066.53921359
20565,1066.53921359
20566,1066.53921359
20567,1066.53921359
20568,1066.53921359
20569,1066.53921359
20570,1066.53921359
20571,1066.53921359
20572,1066.53921359
20573,1066.53921359
20574,1066.53921359
20575,1066.53921359
20576,1066.53921359
20577,1066.53921359
20578,1066.53921359
20579,1066.53921359
20580,1066.53921359
20581,1066.53921359
20582,1066.53921359
20583,1066.53921359
20584,1066.53921359
20585,1066.53921359
20586,1066.53921359
20587,1066.53921359
20588,1066.53921359
20589,1066.53921359
20590,1066.53921359
20591,1066.53921359
20592,1066.53921359
20593,1066.53921359
20594,1066.53921359
20595,1066.53921359
20596,1066.53921359
20597,1066.53921359
20598,1066.53921359
20599,1066.53921359
20600,1066.53921359
20601,1066.53921359
20602,1066.53921359
20603,1066.53921359
20604,1066.53921359
20605,1066.53921359
20606,1066.53921359
20607,1066.53921359
20608,1066.53921359
20609,1066.53921359
20610,1066.53921359
20611,1066.53921359
20612,1066.53921359
20613,1066.53921359
20614,1066.53921359
20615,1066.53921359
20616,1066.53921359
20617,1066.53921359
20618,1066.53921359
20619,1066.53921359
20620,1066.53921359
20621,1066.53921359
20622,1066.53921359
20623,1066.53921359
20624,1066.53921359
20625,1066.53921359
20626,1066.53921359
20627,1066.53921359
20628,1066.53921359
20629,1066.53921359
20630,1066.53921359
20631,1066.53921359
20632,1066.53921359
20633,1066.53921359
20634,1066.53921359
20635,1066.53921359
20636,1066.52534032
20637,1066.52534032
20638,1066.52534032
20639,1066.52534032
20640,1066.52534032
20641,1066.52534032
20642,1066.52534032
20643,1066.52534032
20644,1066.52534032
20645,1066.52534032
20646,1066.52534032
20647,1066.52534032
20648,1066.52534032
20649,1066.52534032
20650,1066.52534032
20651,1066.52534032
20652,1066.52534032
20653,1066.52534032
20654,1066.52534032
20655,1066.52534032
20656,1066.52534032
20657,1066.52534032
20658,1066.52534032
20659,1066.52534032
20660,1066.52534032
20661,1066.52534032
20662,1066.52534032
20663,1066.52534032
20664,1066.52534032
20665,1066.52534032
20666,1066.52534032
20667,1066.52534032
20668,1066.52534032
20669,1066.52534032
20670,1066.52534032
20671,1066.52534032
20672,1066.52534032
20673,1066.52534032
20674,1066.52534032
20675,1066.52534032
20676,1066.52534032
20677,1066.52534032
20678,1066.52534032
20679,1066.52534032
20680,1066.52534032
20681,1066.52534032
20682,1066.52534032
20683,1066.52534032
20684,1066.52534032
20685,1066.52534032
20686,1066.52534032
20687,1066.52534032
20688,1066.52534032
20689,1066.52534032
20690,1066.52534032
20691,1066.52534032
20692,1066.52534032
20693,1066.52534032
20694,1066.52534032
20695,1066.52534032
20696,1066.52534032
20697,1066.52534032
20698,1066.52534032
20699,1066.52534032
20700,1066.52534032
20701,1066.52534032
20702,1066.52534032
20703,1066.52534032
20704,1066.52534032
20705,1066.52534032
20706,1066.52534032
20707,1066.52534032
20708,1066.52534032
20709,1066.48891671
20710,1066.48891671
20711,1066.48891671
20712,1066.48891671
20713,1066.48891671
20714,1066.48891671
20715,1066.48891671
20716,1066.48891671
20717,1066.48891671
20718,1066.48891671
20719,1066.48891671
20720,1066.48535247
20721,1066.48535247
20722,1066.48535247
20723,1066.48535247
20724,1066.48535247
20725,1066.48535247
20726,1066.48535247
20727,1066.48535247
20728,1066.48535247
20729,1066.48535247
20730,1066.48535247
20731,1066.48535247
20732,1066.48535247
20733,1066.48535247
20734,1066.48535247
20735,1066.48535247
20736,1066.48535247
20737,1066.48535247
20738,1066.48535247
20739,1066.48535247
20740,1066.48535247
20741,1066.48535247
20742,1066.48535247
20743,1066.48535247
20744,1066.48535247
20745,1066.48535247
20746,1066.48535247
20747,1066.48535247
20748,1066.48535247
20749,1066.48535247
20750,1066.48535247
20751,1066.48535247
20752,1066.48535247
20753,1066.48535247
20754,1066.48535247
20755,1066.48535247
20756,1066.48535247
20757,1066.48535247
20758,1066.48535247
20759,1066.48535247
20760,1066.48535247
20761,1066.48535247
20762,1066.48535247
20763,1066.48535247
20764,1066.48535247
20765,1066.48535247
20766,1066.48535247
20767,1066.48535247
20768,1066.48535247
20769,1066.48535247
20770,1066.48535247
20771,1066.48535247
20772,1066.48535247
20773,1066.48535247
20774,1066.48535247
20775,1066.48535247
20776,1066.48535247
20777,1066.48535247
20778,1066.48535247
20779,1066.48535247
20780,1066.48535247
20781,1066.48535247
20782,1066.48535247
20783,1066.48535247
20784,1066.48535247
20785,1066.48535247
20786,1066.48535247
20787,1066.48535247
20788,1066.48535247
20789,1066.48535247
20790,1066.48535247
20791,1066.48535247
20792,1066.48535247
20793,1066.48535247
20794,1066.48535247
20795,1066.48535247
20796,1066.48535247
20797,1066.48535247
20798,1066.48535247
20799,1066.48535247
20800,1066.48237895
20801,1066.48237895
20802,1066.48237895
20803,1066.48237895
20804,1066.48237895
20805,1066.48237895
20806,1066.48237895
20807,1066.48237895
20808,1066.48237895
20809,1066.48237895
20810,1066.48237895
20811,1066.48237895
20812,1066.48237895
20813,1066.48237895
20814,1066.48237895
20815,1066.48237895
20816,1066.48237895
20817,1066.48237895
20818,1066.48237895
20819,1066.48237895
20820,1066.48237895
20821,1066.48237895
20822,1066.48237895
20823,1066.48237895
20824,1066.48237895
20825,1066.48237895
20826,1066.48237895
20827,1066.48237895
20828,1066.48237895
20829,1066.48237895
20830,1066.48237895
20831,1066.48237895
20832,1066.48237895
20833,1066.48237895
20834,1066.48237895
20835,1066.48237895
20836,1066.48237895
20837,1066.48237895
20838,1066.48237895
20839,1066.48237895
20840,1066.48237895
20841,1066.48237895
20842,1066.48237895
20843,1066.48237895
20844,1066.48237895
20845,1066.48237895
20846,1066.48237895
20847,1066.48237895
20848,1066.48237895
20849,1066.48237895
20850,1066.48237895
20851,1066.48237895
20852,1066.48237895
20853,1066.48237895
20854,1066.48237895
20855,1066.48237895
20856,1066.48237895
20857,1066.48237895
20858,1066.48237895
20859,1066.48017052
20860,1066.48017052
20861,1066.48017052
20862,1066.48017052
20863,1066.48017052
20864,1066.48017052
20865,1066.48017052
20866,1066.48017052
20867,1066.48017052
20868,1066.48017052
20869,1066.48017052
20870,1066.48017052
20871,1066.48017052
20872,1066.48017052
20873,1066.48017052
20874,1066.48017052
20875,1066.48017052
20876,1066.48017052
20877,1066.48017052
20878,1066.48017052
20879,1066.48017052
20880,1066.48017052
20881,1066.48017052
20882,1066.48017052
20883,1066.48017052
20884,1066.48017052
20885,1066.48017052
20886,1066.48017052
20887,1066.48017052
20888,1066.48017052
20889,1066.48017052
20890,1066.48017052
20891,1066.48017052
20892,1066.48017052
20893,1066.48017052
20894,1066.48017052
20895,1066.48017052
20896,1066.48017052
20897,1066.48017052
20898,1066.48017052
20899,1066.48017052
20900,1066.48017052
20901,1066.48017052
20902,1066.48017052
20903,1066.48017052
20904,1066.48017052
20905,1066.48017052
20906,1066.48017052
20907,1066.48017052
20908,1066.48017052
20909,1066.48017052
20910,1066.48017052
20911,1066.48017052
20912,1066.48017052
20913,1066.48017052
20914,1066.48017052
20915,1066.48017052
20916,1066.48017052
20917,1066.48017052
20918,1066.48017052
20919,1066.48017052
20920,1066.48017052
20921,1066.48017052
20922,1066.48017052
20923,1066.48017052
20924,1066.48017052
20925,1066.48017052
20926,1066.48017052
20927,1066.48017052
20928,1066.48017052
20929,1066.48017052
20930,1066.47371724
20931,1066.47371724
20932,1066.47371724
20933,1066.47371724
20934,1066.47371724
20935,1066.47371724
20936,1066.47371724
20937,1066.47371724
20938,1066.47371724
20939,1066.47371724
20940,1066.47371724
20941,1066.47371724
20942,1066.47371724
20943,1066.47371724
20944,1066.47371724
20945,1066.47371724
20946,1066.47371724
20947,1066.47371724
20948,1066.47371724
20949,1066.47371724
20950,1066.47371724
20951,1066.47371724
20952,1066.47371724
20953,1066.47371724
20954,1066.47371724
20955,1066.47371724
20956,1066.47371724
20957,1066.47371724
20958,1066.47371724
20959,1066.47371724
20960,1066.47371724
20961,1066.47371724
20962,1066.47371724
20963,1066.47371724
20964,1066.47371724
20965,1066.47371724
20966,1066.47371724
20967,1066.47371724
20968,1066.47371724
20969,1066.47371724
20970,1066.47371724
20971,1066.47371724
20972,1066.47371724
20973,1066.47371724
20974,1066.47371724
20975,1066.47371724
20976,1066.47371724
20977,1066.47371724
20978,1066.47371724
20979,1066.47371724
20980,1066.47371724
20981,1066.47371724
20982,1066.47371724
20983,1066.47371724
20984,1066.47371724
20985,1066.47371724
20986,1066.47371724
20987,1066.47371724
20988,1066.47371724
20989,1066.47371724
20990,1066.47371724
20991,1066.47371724
20992,1066.47371724
20993,1066.47371724
20994,1066.47371724
20995,1066.47371724
20996,1066.47371724
20997,1066.47371724
20998,1066.47371724
20999,1066.47371724
21000,1066.47371724
21001,1066.47371724
21002,1066.47371724
21003,1066.47371724
21004,1066.47371724
21005,1066.47371724
21006,1066.47371724
21007,1066.47371724
21008,1066.47371724
21009,1066.47371724
21010,1066.47371724
21011,1066.47371724
21012,1066.47371724
21013,1066.47371724
21014,1066.47371724
21015,1066.47371724
21016,1066.47371724
21017,1066.47371724
21018,1066.47371724
21019,1066.47371724
21020,1066.47371724
21021,1066.47371724
21022,1066.47371724
21023,1066.47371724
21024,1066.47371724
21025,1066.47371724
21026,1066.47371724
21027,1066.47371724
21028,1066.47371724
21029,1066.47371724
21030,1066.47371724
21031,1066.47371724
21032,1066.47371724
21033,1066.47371724
21034,1066.47371724
21035,1066.47371724
21036,1066.47371724
21037,1066.47371724
21038,1066.47371724
21039,1066.47371724
21040,1066.47371724
21041,1066.47371724
21042,1066.47371724
21043,1066.47371724
21044,1066.47371724
21045,1066.47371724
21046,1066.47371724
21047,1066.47371724
21048,1066.47371724
21049,1066.47371724
21050,1066.47371724
21051,1066.47371724
21052,1066.47371724
21053,1066.47371724
21054,1066.47371724
21055,1066.47371724
21056,1066.47371724
21057,1066.47371724
21058,1066.47371724
21059,1066.47371724
21060,1066.47371724
21061,1066.47371724
21062,1066.47371724
21063,1066.47371724
21064,1066.47371724
21065,1066.47371724
21066,1066.47371724
21067,1066.47371724
21068,1066.47371724
21069,1066.47371724
21070,1066.47371724
21071,1066.47371724
21072,1066.47371724
21073,1066.47371724
21074,1066.47371724
21075,1066.47371724
21076,1066.47371724
21077,1066.47371724
21078,1066.47371724
21079,1066.47371724
21080,1066.47371724
21081,1066.47371724
21082,1066.47371724
21083,1066.47371724
21084,1066.47371724
21085,1066.47371724
21086,1066.47371724
21087,1066.47371724
21088,1066.47371724
21089,1066.47371724
21090,1066.47371724
21091,1066.47371724
21092,1066.47371724
21093,1066.47371724
21094,1066.47371724
21095,1066.47371724
21096,1066.47371724
21097,1066.47371724
21098,1066.47371724
21099,1066.47371724
21100,1066.47371724
21101,1066.47371724
21102,1066.47371724
21103,1066.47371724
21104,1066.47371724
21105,1066.47371724
21106,1066.47371724
21107,1066.47371724
21108,1066.47371724
21109,1066.47371724
21110,1066.47371724
21111,1066.47371724
21112,1066.47371724
21113,1066.47371724
21114,1066.47371724
21115,1066.47371724
21116,1066.47371724
21117,1066.47371724
21118,1066.47371724
21119,1066.47371724
21120,1066.47371724
21121,1066.47371724
21122,1066.47371724
21123,1066.47371724
21124,1066.47371724
21125,1066.47371724
21126,1066.47371724
21127,1066.47371724
21128,1066.47371724
21129,1066.47371724
21130,1066.47371724
21131,1066.47371724
21132,1066.47371724
21133,1066.47371724
21134,1066.47371724
21135,1066.47371724
21136,1066.47371724
21137,1066.47371724
21138,1066.47371724
21139,1066.47371724
21140,1066.47371724
21141,1066.47371724
21142,1066.47371724
21143,1066.47371724
21144,1066.47371724
21145,1066.47371724
21146,1066.47371724
21147,1066.47371724
21148,1066.47371724
21149,1066.47371724
21150,1066.47371724
21151,1066.47371724
21152,1066.47371724
21153,1066.47371724
21154,1066.47371724
21155,1066.47371724
21156,1066.47371724
21157,1066.47371724
21158,1066.47371724
21159,1066.47371724
21160,1066.47371724
21161,1066.47371724
21162,1066.47371724
21163,1066.47371724
21164,1066.47371724
21165,1066.47371724
21166,1066.47371724
21167,1066.47371724
21168,1066.47371724
21169,1066.47371724
21170,1066.47371724
21171,1066.47371724
21172,1066.47371724
21173,1066.47371724
21174,1066.47371724
21175,1066.47371724
21176,1066.47371724
21177,1066.47371724
21178,1066.47371724
21179,1066.47371724
21180,1066.47371724
21181,1066.47371724
21182,1066.47371724
21183,1066.47371724
21184,1066.47371724
21185,1066.47371724
21186,1066.47371724
21187,1066.47371724
21188,1066.47371724
21189,1066.47371724
21190,1066.47371724
21191,1066.47371724
21192,1066.47371724
21193,1066.47371724
21194,1066.47371724
21195,1066.47371724
21196,1066.47371724
21197,1066.47371724
21198,1066.47371724
21199,1066.47371724
21200,1066.47371724
21201,1066.47371724
21202,1066.47371724
21203,1066.47371724
21204,1066.47371724
21205,1066.47371724
21206,1066.47371724
21207,1066.47371724
21208,1066.47371724
21209,1066.47371724
21210,1066.47371724
21211,1066.47371724
21212,1066.47371724
21213,1066.47371724
21214,1066.47371724
21215,1066.47371724
21216,1066.47371724
21217,1066.47371724
21218,1066.47371724
21219,1066.47371724
21220,1066.47371724
21221,1066.47371724
21222,1066.47371724
21223,1066.47371724
21224,1066.47371724
21225,1066.47371724
21226,1066.47371724
21227,1066.47371724
21228,1066.47371724
21229,1066.47371724
21230,1066.47371724
21231,1066.47371724
21232,1066.47371724
21233,1066.47371724
21234,1066.47371724
21235,1066.47371724
21236,1066.47371724
21237,1066.47371724
21238,1066.47371724
21239,1066.47371724
21240,1066.47371724
21241,1066.47371724
21242,1066.47371724
21243,1066.47371724
21244,1066.47371724
21245,1066.47371724
21246,1066.47371724
21247,1066.47371724
21248,1066.47371724
21249,1066.47371724
21250,1066.47371724
21251,1066.47371724
21252,1066.47371724
21253,1066.47371724
21254,1066.47371724
21255,1066.47371724
21256,1066.47371724
21257,1066.47371724
21258,1066.47371724
21259,1066.47371724
21260,1066.47371724
21261,1066.47371724
21262,1066.47371724
21263,1066.47371724
21264,1066.47371724
21265,1066.47371724
21266,1066.47371724
21267,1066.47371724
21268,1066.47371724
21269,1066.47371724
21270,1066.47371724
21271,1066.47371724
21272,1066.47371724
21273,1066.47371724
21274,1066.47371724
21275,1066.47371724
21276,1066.47371724
21277,1066.47371724
21278,1066.47371724
21279,1066.47371724
21280,1066.47371724
21281,1066.47371724
21282,1066.47371724
21283,1066.47371724
21284,1066.47371724
21285,1066.47371724
21286,1066.47371724
21287,1066.47371724
21288,1066.47371724
21289,1066.47371724
21290,1066.47371724
21291,1066.47371724
21292,1066.47371724
21293,1066.47371724
21294,1066.47371724
21295,1066.47371724
21296,1066.47371724
21297,1066.47371724
21298,1066.47371724
21299,1066.47371724
21300,1066.47371724
21301,1066.47371724
21302,1066.47371724
21303,1066.47371724
21304,1066.47371724
21305,1066.47371724
21306,1066.47371724
21307,1066.47371724
21308,1066.47371724
21309,1066.47371724
21310,1066.47371724
21311,1066.47371724
21312,1066.47371724
21313,1066.47371724
21314,1066.47371724
21315,1066.47371724
21316,1066.47371724
21317,1066.47371724
21318,1066.47371724
21319,1066.47371724
21320,1066.47371724
21321,1066.47371724
21322,1066.47371724
21323,1066.47371724
21324,1066.47371724
21325,1066.47371724
21326,1066.47371724
21327,1066.47371724
21328,1066.47371724
21329,1066.47371724
21330,1066.47371724
21331,1066.47371724
21332,1066.47371724
21333,1066.47371724
21334,1066.47371724
21335,1066.47371724
21336,1066.47371724
21337,1066.47371724
21338,1066.47371724
21339,1066.47371724
21340,1066.47371724
21341,1066.47371724
21342,1066.47371724
21343,1066.47371724
21344,1066.47371724
21345,1066.47371724
21346,1066.47371724
21347,1066.47371724
21348,1066.47371724
21349,1066.47371724
21350,1066.47371724
21351,1066.47371724
21352,1066.47371724
21353,1066.47371724
21354,1066.47371724
21355,1066.47371724
21356,1066.47371724
21357,1066.47371724
21358,1066.47371724
21359,1066.47371724
21360,1066.47371724
21361,1066.47371724
21362,1066.47371724
21363,1066.47371724
21364,1066.47371724
21365,1066.47371724
21366,1066.47371724
21367,1066.47371724
21368,1066.47371724
21369,1066.47371724
21370,1066.47371724
21371,1066.47371724
21372,1066.47371724
21373,1066.47371724
21374,1066.47371724
21375,1066.47371724
21376,1066.47371724
21377,1066.47371724
21378,1066.47371724
21379,1066.47371724
21380,1066.47371724
21381,1066.47371724
21382,1066.47371724
21383,1066.47371724
21384,1066.47371724
21385,1066.47371724
21386,1066.47371724
21387,1066.47371724
21388,1066.47371724
21389,1066.47371724
21390,1066.47371724
21391,1066.47371724
21392,1066.47371724
21393,1066.47371724
21394,1066.47371724
21395,1066.47371724
21396,1066.47371724
21397,1066.47371724
21398,1066.47371724
21399,1066.47371724
21400,1066.47371724
21401,1066.47371724
21402,1066.47371724
21403,1066.47371724
21404,1066.47371724
21405,1066.47371724
21406,1066.47371724
21407,1066.47371724
21408,1066.47371724
21409,1066.47371724
21410,1066.47371724
21411,1066.47371724
21412,1066.47371724
21413,1066.47371724
21414,1066.47371724
21415,1066.47371724
21416,1066.47371724
21417,1066.47371724
21418,1066.47371724
21419,1066.47371724
21420,1066.47371724
21421,1066.47371724
21422,1066.47371724
21423,1066.47371724
21424,1066.47371724
21425,1066.47371724
21426,1066.47371724
21427,1066.47371724
21428,1066.47371724
21429,1066.47371724
21430,1066.47371724
21431,1066.47371724
21432,1066.47371724
21433,1066.47371724
21434,1066.47371724
21435,1066.47371724
21436,1066.47371724
21437,1066.47371724
21438,1066.47371724
21439,1066.47371724
21440,1066.47371724
21441,1066.47371724
21442,1066.47371724
21443,1066.47371724
21444,1066.47371724
21445,1066.47371724
21446,1066.47371724
21447,1066.47371724
21448,1066.47371724
21449,1066.47371724
21450,1066.47371724
21451,1066.47371724
21452,1066.47371724
21453,1066.47371724
21454,1066.47371724
21455,1066.47371724
21456,1066.47371724
21457,1066.47371724
21458,1066.47371724
21459,1066.47371724
21460,1066.47371724
21461,1066.47371724
21462,1066.47371724
21463,1066.47371724
21464,1066.47371724
21465,1066.47371724
21466,1066.47371724
21467,1066.47371724
21468,1066.47371724
21469,1066.47371724
21470,1066.47371724
21471,1066.47371724
21472,1066.47371724
21473,1066.47371724
21474,1066.47371724
21475,1066.47371724
21476,1066.47371724
21477,1066.47371724
21478,1066.47371724
21479,1066.47371724
21480,1066.47371724
21481,1066.47371724
21482,1066.47371724
21483,1066.47371724
21484,1066.47371724
21485,1066.47371724
21486,1066.47371724
21487,1066.47371724
21488,1066.47371724
21489,1066.47371724
21490,1066.47371724
21491,1066.47371724
21492,1066.47371724
21493,1066.47371724
21494,1066.47371724
21495,1066.47371724
21496,1066.47371724
21497,1066.47371724
21498,1066.47371724
21499,1066.47371724
21500,1066.47371724
21501,1066.47371724
21502,1066.47371724
21503,1066.47371724
21504,1066.47371724
21505,1066.47371724
21506,1066.47371724
21507,1066.47371724
21508,1066.47371724
21509,1066.47371724
21510,1066.47371724
21511,1066.47371724
21512,1066.47371724
21513,1066.47371724
21514,1066.47371724
21515,1066.47371724
21516,1066.47371724
21517,1066.47371724
21518,1066.47371724
21519,1066.47371724
21520,1066.47371724
21521,1066.47371724
21522,1066.47371724
21523,1066.47371724
21524,1066.47371724
21525,1066.47371724
21526,1066.47371724
21527,1066.47371724
21528,1066.47371724
21529,1066.47371724
21530,1066.47371724
21531,1066.47371724
21532,1066.47371724
21533,1066.47371724
21534,1066.47371724
21535,1066.47371724
21536,1066.47371724
21537,1066.47371724
21538,1066.47371724
21539,1066.47371724
21540,1066.47371724
21541,1066.47371724
21542,1066.47371724
21543,1066.47371724
21544,1066.47371724
21545,1066.47371724
21546,1066.47371724
21547,1066.47371724
21548,1066.47371724
21549,1066.47371724
21550,1066.47371724
21551,1066.47371724
21552,1066.47371724
21553,1066.47371724
21554,1066.47371724
21555,1066.47371724
21556,1066.47371724
21557,1066.47371724
21558,1066.47371724
21559,1066.47371724
21560,1066.47371724
21561,1066.47371724
21562,1066.47371724
21563,1066.47371724
21564,1066.47371724
21565,1066.47371724
21566,1066.47371724
21567,1066.47371724
21568,1066.47371724
21569,1066.47371724
21570,1066.47371724
21571,1066.47371724
21572,1066.47371724
21573,1066.47371724
21574,1066.47371724
21575,1066.47371724
21576,1066.47371724
21577,1066.47371724
21578,1066.47371724
21579,1066.47371724
21580,1066.47371724
21581,1066.47371724
21582,1066.47371724
21583,1066.47371724
21584,1066.47371724
21585,1066.47371724
21586,1066.47371724
21587,1066.47371724
21588,1066.47371724
21589,1066.47371724
21590,1066.47371724
21591,1066.47371724
21592,1066.47371724
21593,1066.47371724
21594,1066.47371724
21595,1066.47371724
21596,1066.47371724
21597,1066.47371724
21598,1066.47371724
21599,1066.47371724
21600,1066.47371724
21601,1066.47371724
21602,1066.47371724
21603,1066.47371724
21604,1066.47371724
21605,1066.47371724
21606,1066.47371724
21607,1066.47371724
21608,1066.47371724
21609,1066.47371724
21610,1066.47371724
21611,1066.47371724
21612,1066.47371724
21613,1066.47371724
21614,1066.47371724
21615,1066.47371724
21616,1066.47371724
21617,1066.47371724
21618,1066.47371724
21619,1066.47371724
21620,1066.47371724
21621,1066.47371724
21622,1066.47371724
21623,1066.47371724
21624,1066.47371724
21625,1066.47371724
21626,1066.47371724
21627,1066.47371724
21628,1066.47371724
21629,1066.47371724
21630,1066.47371724
21631,1066.47371724
21632,1066.47371724
21633,1066.47371724
21634,1066.47371724
21635,1066.47371724
21636,1066.47371724
21637,1066.47371724
21638,1066.47371724
21639,1066.47371724
21640,1066.47371724
21641,1066.47371724
21642,1066.47371724
21643,1066.47371724
21644,1066.47371724
21645,1066.47371724
21646,1066.47371724
21647,1066.47371724
21648,1066.47371724
21649,1066.47371724
21650,1066.47371724
21651,1066.47371724
21652,1066.47371724
21653,1066.47371724
21654,1066.47371724
21655,1066.47371724
21656,1066.47371724
21657,1066.47371724
21658,1066.47371724
21659,1066.47371724
21660,1066.47371724
21661,1066.47371724
21662,1066.47371724
21663,1066.47371724
21664,1066.47371724
21665,1066.47371724
21666,1066.47371724
21667,1066.47371724
21668,1066.47371724
21669,1066.47371724
21670,1066.47371724
21671,1066.47371724
21672,1066.47371724
21673,1066.47371724
21674,1066.47371724
21675,1066.47371724
21676,1066.47371724
21677,1066.47371724
21678,1066.47371724
21679,1066.47371724
21680,1066.47371724
21681,1066.47371724
21682,1066.47371724
21683,1066.47371724
21684,1066.47371724
21685,1066.47371724
21686,1066.47371724
21687,1066.47371724
21688,1066.47371724
21689,1066.47371724
21690,1066.47371724
21691,1066.47371724
21692,1066.47371724
21693,1066.47371724
21694,1066.47371724
21695,1066.47371724
21696,1066.47371724
21697,1066.47371724
21698,1066.47371724
21699,1066.47371724
21700,1066.47371724
21701,1066.47371724
21702,1066.47371724
21703,1066.47371724
21704,1066.47371724
21705,1066.47371724
21706,1066.47371724
21707,1066.47371724
21708,1066.47371724
21709,1066.47371724
21710,1066.47371724
21711,1066.47371724
21712,1066.47371724
21713,1066.47371724
21714,1066.47371724
21715,1066.47371724
21716,1066.47371724
21717,1066.47371724
21718,1066.47371724
21719,1066.47371724
21720,1066.47371724
21721,1066.47371724
21722,1066.47371724
21723,1066.47371724
21724,1066.47371724
21725,1066.47371724
21726,1066.47371724
21727,1066.47371724
21728,1066.47371724
21729,1066.47371724
21730,1066.47371724
21731,1066.47371724
21732,1066.47371724
21733,1066.47371724
21734,1066.47371724
21735,1066.47371724
21736,1066.47371724
21737,1066.47371724
21738,1066.47371724
21739,1066.47371724
21740,1066.47371724
21741,1066.47371724
21742,1066.47371724
21743,1066.47371724
21744,1066.47371724
21745,1066.47371724
21746,1066.47371724
21747,1066.47314847
21748,1066.47314847
21749,1066.47314847
21750,1066.47314847
21751,1066.47314847
21752,1066.47314847
21753,1066.47314847
21754,1066.47314847
21755,1066.47314847
21756,1066.47314847
21757,1066.47314847
21758,1066.47314847
21759,1066.47314847
21760,1066.47314847
21761,1066.47314847
21762,1066.47314847
21763,1066.47314847
21764,1066.47314847
21765,1066.47314847
21766,1066.47314847
21767,1066.47314847
21768,1066.47314847
21769,1066.47314847
21770,1066.47314847
21771,1066.47314847
21772,1066.47314847
21773,1066.47314847
21774,1066.47314847
21775,1066.47314847
21776,1066.47314847
21777,1066.47314847
21778,1066.47314847
21779,1066.47314847
21780,1066.47314847
21781,1066.47314847
21782,1066.47314847
21783,1066.47314847
21784,1066.47314847
21785,1066.47314847
21786,1066.47314847
21787,1066.47314847
21788,1066.47314847
21789,1066.47314847
21790,1066.47314847
21791,1066.47314847
21792,1066.47314847
21793,1066.47314847
21794,1066.47314847
21795,1066.47314847
21796,1066.47314847
21797,1066.47314847
21798,1066.47314847
21799,1066.47314847
21800,1066.47314847
21801,1066.47314847
21802,1066.47314847
21803,1066.47314847
21804,1066.47314847
21805,1066.47314847
21806,1066.47314847
21807,1066.47314847
21808,1066.47314847
21809,1066.47314847
21810,1066.47314847
21811,1066.47314847
21812,1066.47314847
21813,1066.47314847
21814,1066.47314697
21815,1066.47314697
21816,1066.47314697
21817,1066.47314697
21818,1066.47314697
21819,1066.47314697
